
                              plan1   

    Time (days)         a        e        i      peri     node       M        mass     
            0.00000  0.20000 0.500000  45.0000   0.0000   0.0000   0.0000  1.000000E-03
            1.00000  0.20000 0.500000  45.0000 360.0000 360.0000  11.0249  1.000000E-03
            2.00000  0.20000 0.500000  45.0000 360.0000 360.0000  22.0499  1.000000E-03
            3.00000  0.20000 0.500000  45.0000 360.0000 360.0000  33.0748  1.000000E-03
            4.00000  0.20000 0.500000  45.0000   0.0000 360.0000  44.0997  1.000000E-03
            5.00000  0.20000 0.500000  45.0000   0.0000 360.0000  55.1247  1.000000E-03
            6.00000  0.20000 0.500000  45.0000   0.0000 360.0000  66.1496  1.000000E-03
            7.00000  0.20000 0.500000  45.0000 360.0000   0.0000  77.1746  1.000000E-03
            8.00000  0.20000 0.500000  45.0000   0.0000 360.0000  88.1995  1.000000E-03
            9.00000  0.20000 0.500000  45.0000 360.0000 360.0000  99.2244  1.000000E-03
           10.00000  0.20000 0.500000  45.0000   0.0000 360.0000 110.2494  1.000000E-03
           11.00000  0.20000 0.500000  45.0000 360.0000 360.0000 121.2743  1.000000E-03
           12.00000  0.20000 0.500000  45.0000 360.0000 360.0000 132.2992  1.000000E-03
           13.00000  0.20000 0.500000  45.0000 360.0000 360.0000 143.3242  1.000000E-03
           14.00000  0.20000 0.500000  45.0000 360.0000   0.0000 154.3491  1.000000E-03
           15.00000  0.20000 0.500000  45.0000 360.0000 360.0000 165.3741  1.000000E-03
           16.00000  0.20000 0.500000  45.0000 360.0000 360.0000 176.3990  1.000000E-03
           17.00000  0.20000 0.500000  45.0000 360.0000 360.0000 187.4239  1.000000E-03
           18.00000  0.20000 0.500000  45.0000 360.0000   0.0000 198.4489  1.000000E-03
           19.00000  0.20000 0.500000  45.0000 360.0000 360.0000 209.4738  1.000000E-03
           20.00000  0.20000 0.500000  45.0000 360.0000 360.0000 220.4987  1.000000E-03
           21.00000  0.20000 0.500000  45.0000 360.0000   0.0000 231.5237  1.000000E-03
           22.00000  0.20000 0.500000  45.0000 360.0000 360.0000 242.5486  1.000000E-03
           23.00000  0.20000 0.500000  45.0000 360.0000 360.0000 253.5736  1.000000E-03
           24.00000  0.20000 0.500000  45.0000 360.0000 360.0000 264.5985  1.000000E-03
           25.00000  0.20000 0.500000  45.0000   0.0000 360.0000 275.6234  1.000000E-03
           26.00000  0.20000 0.500000  45.0000   0.0000 360.0000 286.6484  1.000000E-03
           27.00000  0.20000 0.500000  45.0000   0.0000 360.0000 297.6733  1.000000E-03
           28.00000  0.20000 0.500000  45.0000   0.0000 360.0000 308.6982  1.000000E-03
           29.00000  0.20000 0.500000  45.0000   0.0000 360.0000 319.7232  1.000000E-03
           30.00000  0.20000 0.500000  45.0000 360.0000 360.0000 330.7481  1.000000E-03
           31.00000  0.20000 0.500000  45.0000 360.0000 360.0000 341.7730  1.000000E-03
           32.00000  0.20000 0.500000  45.0000   0.0000 360.0000 352.7980  1.000000E-03
           33.00000  0.20000 0.500000  45.0000   0.0000 360.0000   3.8229  1.000000E-03
           34.00000  0.20000 0.500000  45.0000   0.0000 360.0000  14.8479  1.000000E-03
           35.00000  0.20000 0.500000  45.0000 360.0000 360.0000  25.8728  1.000000E-03
           36.00000  0.20000 0.500000  45.0000   0.0000   0.0000  36.8977  1.000000E-03
           37.00000  0.20000 0.500000  45.0000 360.0000 360.0000  47.9227  1.000000E-03
           38.00000  0.20000 0.500000  45.0000 360.0000   0.0000  58.9476  1.000000E-03
           39.00000  0.20000 0.500000  45.0000 360.0000   0.0000  69.9725  1.000000E-03
           40.00000  0.20000 0.500000  45.0000 360.0000   0.0000  80.9975  1.000000E-03
           41.00000  0.20000 0.500000  45.0000   0.0000 360.0000  92.0224  1.000000E-03
           42.00000  0.20000 0.500000  45.0000   0.0000 360.0000 103.0474  1.000000E-03
           43.00000  0.20000 0.500000  45.0000   0.0000 360.0000 114.0723  1.000000E-03
           44.00000  0.20000 0.500000  45.0000 360.0000 360.0000 125.0972  1.000000E-03
           45.00000  0.20000 0.500000  45.0000   0.0000 360.0000 136.1222  1.000000E-03
           46.00000  0.20000 0.500000  45.0000   0.0000 360.0000 147.1471  1.000000E-03
           47.00000  0.20000 0.500000  45.0000 360.0000 360.0000 158.1720  1.000000E-03
           48.00000  0.20000 0.500000  45.0000 360.0000 360.0000 169.1970  1.000000E-03
           49.00000  0.20000 0.500000  45.0000 360.0000 360.0000 180.2219  1.000000E-03
           50.00000  0.20000 0.500000  45.0000 360.0000 360.0000 191.2469  1.000000E-03
           51.00000  0.20000 0.500000  45.0000 360.0000 360.0000 202.2718  1.000000E-03
           52.00000  0.20000 0.500000  45.0000 360.0000 360.0000 213.2967  1.000000E-03
           53.00000  0.20000 0.500000  45.0000 360.0000 360.0000 224.3217  1.000000E-03
           54.00000  0.20000 0.500000  45.0000 360.0000 360.0000 235.3466  1.000000E-03
           55.00000  0.20000 0.500000  45.0000 360.0000 360.0000 246.3715  1.000000E-03
           56.00000  0.20000 0.500000  45.0000 360.0000 360.0000 257.3965  1.000000E-03
           57.00000  0.20000 0.500000  45.0000   0.0000 360.0000 268.4214  1.000000E-03
           58.00000  0.20000 0.500000  45.0000 360.0000 360.0000 279.4463  1.000000E-03
           59.00000  0.20000 0.500000  45.0000   0.0000 360.0000 290.4713  1.000000E-03
           60.00000  0.20000 0.500000  45.0000   0.0000 360.0000 301.4962  1.000000E-03
           61.00000  0.20000 0.500000  45.0000   0.0000 360.0000 312.5212  1.000000E-03
           62.00000  0.20000 0.500000  45.0000   0.0000 360.0000 323.5461  1.000000E-03
           63.00000  0.20000 0.500000  45.0000   0.0000 360.0000 334.5710  1.000000E-03
           64.00000  0.20000 0.500000  45.0000 360.0000 360.0000 345.5960  1.000000E-03
           65.00000  0.20000 0.500000  45.0000   0.0000 360.0000 356.6209  1.000000E-03
           66.00000  0.20000 0.500000  45.0000 360.0000 360.0000   7.6458  1.000000E-03
           67.00000  0.20000 0.500000  45.0000 360.0000 360.0000  18.6708  1.000000E-03
           68.00000  0.20000 0.500000  45.0000 360.0000 360.0000  29.6957  1.000000E-03
           69.00000  0.20000 0.500000  45.0000   0.0000 360.0000  40.7207  1.000000E-03
           70.00000  0.20000 0.500000  45.0000   0.0000 360.0000  51.7456  1.000000E-03
           71.00000  0.20000 0.500000  45.0000 360.0000   0.0000  62.7705  1.000000E-03
           72.00000  0.20000 0.500000  45.0000 360.0000 360.0000  73.7955  1.000000E-03
           73.00000  0.20000 0.500000  45.0000 360.0000 360.0000  84.8204  1.000000E-03
           74.00000  0.20000 0.500000  45.0000 360.0000   0.0000  95.8453  1.000000E-03
           75.00000  0.20000 0.500000  45.0000 360.0000   0.0000 106.8703  1.000000E-03
           76.00000  0.20000 0.500000  45.0000 360.0000 360.0000 117.8952  1.000000E-03
           77.00000  0.20000 0.500000  45.0000   0.0000   0.0000 128.9202  1.000000E-03
           78.00000  0.20000 0.500000  45.0000 360.0000 360.0000 139.9451  1.000000E-03
           79.00000  0.20000 0.500000  45.0000 360.0000   0.0000 150.9700  1.000000E-03
           80.00000  0.20000 0.500000  45.0000 360.0000 360.0000 161.9950  1.000000E-03
           81.00000  0.20000 0.500000  45.0000 360.0000 360.0000 173.0199  1.000000E-03
           82.00000  0.20000 0.500000  45.0000 360.0000 360.0000 184.0448  1.000000E-03
           83.00000  0.20000 0.500000  45.0000 360.0000   0.0000 195.0698  1.000000E-03
           84.00000  0.20000 0.500000  45.0000 360.0000 360.0000 206.0947  1.000000E-03
           85.00000  0.20000 0.500000  45.0000 360.0000 360.0000 217.1196  1.000000E-03
           86.00000  0.20000 0.500000  45.0000 360.0000 360.0000 228.1446  1.000000E-03
           87.00000  0.20000 0.500000  45.0000 360.0000 360.0000 239.1695  1.000000E-03
           88.00000  0.20000 0.500000  45.0000 360.0000 360.0000 250.1945  1.000000E-03
           89.00000  0.20000 0.500000  45.0000 360.0000 360.0000 261.2194  1.000000E-03
           90.00000  0.20000 0.500000  45.0000 360.0000 360.0000 272.2443  1.000000E-03
           91.00000  0.20000 0.500000  45.0000   0.0000 360.0000 283.2693  1.000000E-03
           92.00000  0.20000 0.500000  45.0000   0.0000 360.0000 294.2942  1.000000E-03
           93.00000  0.20000 0.500000  45.0000   0.0000 360.0000 305.3191  1.000000E-03
           94.00000  0.20000 0.500000  45.0000 360.0000 360.0000 316.3441  1.000000E-03
           95.00000  0.20000 0.500000  45.0000   0.0000 360.0000 327.3690  1.000000E-03
           96.00000  0.20000 0.500000  45.0000   0.0000 360.0000 338.3940  1.000000E-03
           97.00000  0.20000 0.500000  45.0000   0.0000 360.0000 349.4189  1.000000E-03
           98.00000  0.20000 0.500000  45.0000   0.0000 360.0000   0.4438  1.000000E-03
           99.00000  0.20000 0.500000  45.0000   0.0000 360.0000  11.4688  1.000000E-03
          100.00000  0.20000 0.500000  45.0000 360.0000 360.0000  22.4937  1.000000E-03
          101.00000  0.20000 0.500000  45.0000   0.0000 360.0000  33.5186  1.000000E-03
          102.00000  0.20000 0.500000  45.0000 360.0000 360.0000  44.5436  1.000000E-03
          103.00000  0.20000 0.500000  45.0000   0.0000   0.0000  55.5685  1.000000E-03
          104.00000  0.20000 0.500000  45.0000 360.0000 360.0000  66.5935  1.000000E-03
          105.00000  0.20000 0.500000  45.0000   0.0000 360.0000  77.6184  1.000000E-03
          106.00000  0.20000 0.500000  45.0000   0.0000 360.0000  88.6433  1.000000E-03
          107.00000  0.20000 0.500000  45.0000 360.0000 360.0000  99.6683  1.000000E-03
          108.00000  0.20000 0.500000  45.0000 360.0000 360.0000 110.6932  1.000000E-03
          109.00000  0.20000 0.500000  45.0000 360.0000 360.0000 121.7181  1.000000E-03
          110.00000  0.20000 0.500000  45.0000 360.0000 360.0000 132.7431  1.000000E-03
          111.00000  0.20000 0.500000  45.0000 360.0000   0.0000 143.7680  1.000000E-03
          112.00000  0.20000 0.500000  45.0000 360.0000   0.0000 154.7929  1.000000E-03
          113.00000  0.20000 0.500000  45.0000 360.0000   0.0000 165.8179  1.000000E-03
          114.00000  0.20000 0.500000  45.0000   0.0000   0.0000 176.8428  1.000000E-03
          115.00000  0.20000 0.500000  45.0000 360.0000 360.0000 187.8678  1.000000E-03
          116.00000  0.20000 0.500000  45.0000 360.0000 360.0000 198.8927  1.000000E-03
          117.00000  0.20000 0.500000  45.0000 360.0000 360.0000 209.9176  1.000000E-03
          118.00000  0.20000 0.500000  45.0000 360.0000 360.0000 220.9426  1.000000E-03
          119.00000  0.20000 0.500000  45.0000   0.0000 360.0000 231.9675  1.000000E-03
          120.00000  0.20000 0.500000  45.0000 360.0000 360.0000 242.9924  1.000000E-03
          121.00000  0.20000 0.500000  45.0000 360.0000 360.0000 254.0174  1.000000E-03
          122.00000  0.20000 0.500000  45.0000 360.0000 360.0000 265.0423  1.000000E-03
          123.00000  0.20000 0.500000  45.0000 360.0000 360.0000 276.0673  1.000000E-03
          124.00000  0.20000 0.500000  45.0000   0.0000 360.0000 287.0922  1.000000E-03
          125.00000  0.20000 0.500000  45.0000   0.0000 360.0000 298.1171  1.000000E-03
          126.00000  0.20000 0.500000  45.0000   0.0000 360.0000 309.1421  1.000000E-03
          127.00000  0.20000 0.500000  45.0000   0.0000 360.0000 320.1670  1.000000E-03
          128.00000  0.20000 0.500000  45.0000   0.0000 360.0000 331.1919  1.000000E-03
          129.00000  0.20000 0.500000  45.0000   0.0000 360.0000 342.2169  1.000000E-03
          130.00000  0.20000 0.500000  45.0000   0.0000 360.0000 353.2418  1.000000E-03
          131.00000  0.20000 0.500000  45.0000   0.0000 360.0000   4.2668  1.000000E-03
          132.00000  0.20000 0.500000  45.0000 360.0000 360.0000  15.2917  1.000000E-03
          133.00000  0.20000 0.500000  45.0000 360.0000 360.0000  26.3166  1.000000E-03
          134.00000  0.20000 0.500000  45.0000   0.0000 360.0000  37.3416  1.000000E-03
          135.00000  0.20000 0.500000  45.0000 360.0000 360.0000  48.3665  1.000000E-03
          136.00000  0.20000 0.500000  45.0000   0.0000 360.0000  59.3914  1.000000E-03
          137.00000  0.20000 0.500000  45.0000 360.0000 360.0000  70.4164  1.000000E-03
          138.00000  0.20000 0.500000  45.0000 360.0000   0.0000  81.4413  1.000000E-03
          139.00000  0.20000 0.500000  45.0000 360.0000   0.0000  92.4662  1.000000E-03
          140.00000  0.20000 0.500000  45.0000   0.0000   0.0000 103.4912  1.000000E-03
          141.00000  0.20000 0.500000  45.0000   0.0000   0.0000 114.5161  1.000000E-03
          142.00000  0.20000 0.500000  45.0000 360.0000 360.0000 125.5411  1.000000E-03
          143.00000  0.20000 0.500000  45.0000 360.0000 360.0000 136.5660  1.000000E-03
          144.00000  0.20000 0.500000  45.0000 360.0000 360.0000 147.5909  1.000000E-03
          145.00000  0.20000 0.500000  45.0000 360.0000 360.0000 158.6159  1.000000E-03
          146.00000  0.20000 0.500000  45.0000 360.0000   0.0000 169.6408  1.000000E-03
          147.00000  0.20000 0.500000  45.0000 360.0000   0.0000 180.6657  1.000000E-03
          148.00000  0.20000 0.500000  45.0000 360.0000 360.0000 191.6907  1.000000E-03
          149.00000  0.20000 0.500000  45.0000 360.0000   0.0000 202.7156  1.000000E-03
          150.00000  0.20000 0.500000  45.0000 360.0000 360.0000 213.7406  1.000000E-03
          151.00000  0.20000 0.500000  45.0000 360.0000 360.0000 224.7655  1.000000E-03
          152.00000  0.20000 0.500000  45.0000 360.0000 360.0000 235.7904  1.000000E-03
          153.00000  0.20000 0.500000  45.0000 360.0000 360.0000 246.8154  1.000000E-03
          154.00000  0.20000 0.500000  45.0000 360.0000 360.0000 257.8403  1.000000E-03
          155.00000  0.20000 0.500000  45.0000 360.0000 360.0000 268.8652  1.000000E-03
          156.00000  0.20000 0.500000  45.0000 360.0000 360.0000 279.8902  1.000000E-03
          157.00000  0.20000 0.500000  45.0000 360.0000 360.0000 290.9151  1.000000E-03
          158.00000  0.20000 0.500000  45.0000   0.0000 360.0000 301.9401  1.000000E-03
          159.00000  0.20000 0.500000  45.0000 360.0000 360.0000 312.9650  1.000000E-03
          160.00000  0.20000 0.500000  45.0000   0.0000 360.0000 323.9899  1.000000E-03
          161.00000  0.20000 0.500000  45.0000   0.0000 360.0000 335.0149  1.000000E-03
          162.00000  0.20000 0.500000  45.0000   0.0000 360.0000 346.0398  1.000000E-03
          163.00000  0.20000 0.500000  45.0000 360.0000 360.0000 357.0647  1.000000E-03
          164.00000  0.20000 0.500000  45.0000 360.0000 360.0000   8.0897  1.000000E-03
          165.00000  0.20000 0.500000  45.0000 360.0000 360.0000  19.1146  1.000000E-03
          166.00000  0.20000 0.500000  45.0000   0.0000 360.0000  30.1395  1.000000E-03
          167.00000  0.20000 0.500000  45.0000 360.0000 360.0000  41.1645  1.000000E-03
          168.00000  0.20000 0.500000  45.0000   0.0000 360.0000  52.1894  1.000000E-03
          169.00000  0.20000 0.500000  45.0000 360.0000   0.0000  63.2144  1.000000E-03
          170.00000  0.20000 0.500000  45.0000 360.0000 360.0000  74.2393  1.000000E-03
          171.00000  0.20000 0.500000  45.0000 360.0000 360.0000  85.2642  1.000000E-03
          172.00000  0.20000 0.500000  45.0000 360.0000   0.0000  96.2892  1.000000E-03
          173.00000  0.20000 0.500000  45.0000 360.0000 360.0000 107.3141  1.000000E-03
          174.00000  0.20000 0.500000  45.0000 360.0000 360.0000 118.3390  1.000000E-03
          175.00000  0.20000 0.500000  45.0000 360.0000   0.0000 129.3640  1.000000E-03
          176.00000  0.20000 0.500000  45.0000 360.0000   0.0000 140.3889  1.000000E-03
          177.00000  0.20000 0.500000  45.0000 360.0000 360.0000 151.4139  1.000000E-03
          178.00000  0.20000 0.500000  45.0000 360.0000 360.0000 162.4388  1.000000E-03
          179.00000  0.20000 0.500000  45.0000 360.0000   0.0000 173.4637  1.000000E-03
          180.00000  0.20000 0.500000  45.0000 360.0000 360.0000 184.4887  1.000000E-03
          181.00000  0.20000 0.500000  45.0000 360.0000   0.0000 195.5136  1.000000E-03
          182.00000  0.20000 0.500000  45.0000 360.0000 360.0000 206.5385  1.000000E-03
          183.00000  0.20000 0.500000  45.0000 360.0000 360.0000 217.5635  1.000000E-03
          184.00000  0.20000 0.500000  45.0000 360.0000 360.0000 228.5884  1.000000E-03
          185.00000  0.20000 0.500000  45.0000 360.0000 360.0000 239.6134  1.000000E-03
          186.00000  0.20000 0.500000  45.0000 360.0000 360.0000 250.6383  1.000000E-03
          187.00000  0.20000 0.500000  45.0000 360.0000 360.0000 261.6632  1.000000E-03
          188.00000  0.20000 0.500000  45.0000 360.0000 360.0000 272.6882  1.000000E-03
          189.00000  0.20000 0.500000  45.0000 360.0000 360.0000 283.7131  1.000000E-03
          190.00000  0.20000 0.500000  45.0000 360.0000 360.0000 294.7380  1.000000E-03
          191.00000  0.20000 0.500000  45.0000   0.0000 360.0000 305.7630  1.000000E-03
          192.00000  0.20000 0.500000  45.0000   0.0000 360.0000 316.7879  1.000000E-03
          193.00000  0.20000 0.500000  45.0000 360.0000 360.0000 327.8128  1.000000E-03
          194.00000  0.20000 0.500000  45.0000 360.0000 360.0000 338.8378  1.000000E-03
          195.00000  0.20000 0.500000  45.0000   0.0000 360.0000 349.8627  1.000000E-03
          196.00000  0.20000 0.500000  45.0000   0.0000 360.0000   0.8877  1.000000E-03
          197.00000  0.20000 0.500000  45.0000   0.0000 360.0000  11.9126  1.000000E-03
          198.00000  0.20000 0.500000  45.0000 360.0000 360.0000  22.9375  1.000000E-03
          199.00000  0.20000 0.500000  45.0000 360.0000 360.0000  33.9625  1.000000E-03
          200.00000  0.20000 0.500000  45.0000 360.0000 360.0000  44.9874  1.000000E-03
          201.00000  0.20000 0.500000  45.0000 360.0000   0.0000  56.0123  1.000000E-03
          202.00000  0.20000 0.500000  45.0000 360.0000 360.0000  67.0373  1.000000E-03
          203.00000  0.20000 0.500000  45.0000 360.0000 360.0000  78.0622  1.000000E-03
          204.00000  0.20000 0.500000  45.0000   0.0000 360.0000  89.0872  1.000000E-03
          205.00000  0.20000 0.500000  45.0000 360.0000 360.0000 100.1121  1.000000E-03
          206.00000  0.20000 0.500000  45.0000   0.0000 360.0000 111.1370  1.000000E-03
          207.00000  0.20000 0.500000  45.0000 360.0000 360.0000 122.1620  1.000000E-03
          208.00000  0.20000 0.500000  45.0000 360.0000 360.0000 133.1869  1.000000E-03
          209.00000  0.20000 0.500000  45.0000 360.0000 360.0000 144.2118  1.000000E-03
          210.00000  0.20000 0.500000  45.0000 360.0000 360.0000 155.2368  1.000000E-03
          211.00000  0.20000 0.500000  45.0000 360.0000 360.0000 166.2617  1.000000E-03
          212.00000  0.20000 0.500000  45.0000 360.0000 360.0000 177.2867  1.000000E-03
          213.00000  0.20000 0.500000  45.0000 360.0000 360.0000 188.3116  1.000000E-03
          214.00000  0.20000 0.500000  45.0000 360.0000 360.0000 199.3365  1.000000E-03
          215.00000  0.20000 0.500000  45.0000 360.0000   0.0000 210.3615  1.000000E-03
          216.00000  0.20000 0.500000  45.0000 360.0000 360.0000 221.3864  1.000000E-03
          217.00000  0.20000 0.500000  45.0000 360.0000 360.0000 232.4113  1.000000E-03
          218.00000  0.20000 0.500000  45.0000 360.0000 360.0000 243.4363  1.000000E-03
          219.00000  0.20000 0.500000  45.0000 360.0000 360.0000 254.4612  1.000000E-03
          220.00000  0.20000 0.500000  45.0000   0.0000 360.0000 265.4861  1.000000E-03
          221.00000  0.20000 0.500000  45.0000 360.0000 360.0000 276.5111  1.000000E-03
          222.00000  0.20000 0.500000  45.0000   0.0000 360.0000 287.5360  1.000000E-03
          223.00000  0.20000 0.500000  45.0000 360.0000 360.0000 298.5610  1.000000E-03
          224.00000  0.20000 0.500000  45.0000   0.0000 360.0000 309.5859  1.000000E-03
          225.00000  0.20000 0.500000  45.0000   0.0000 360.0000 320.6108  1.000000E-03
          226.00000  0.20000 0.500000  45.0000 360.0000 360.0000 331.6358  1.000000E-03
          227.00000  0.20000 0.500000  45.0000 360.0000 360.0000 342.6607  1.000000E-03
          228.00000  0.20000 0.500000  45.0000   0.0000 360.0000 353.6856  1.000000E-03
          229.00000  0.20000 0.500000  45.0000 360.0000 360.0000   4.7106  1.000000E-03
          230.00000  0.20000 0.500000  45.0000 360.0000 360.0000  15.7355  1.000000E-03
          231.00000  0.20000 0.500000  45.0000 360.0000 360.0000  26.7605  1.000000E-03
          232.00000  0.20000 0.500000  45.0000   0.0000 360.0000  37.7854  1.000000E-03
          233.00000  0.20000 0.500000  45.0000 360.0000   0.0000  48.8103  1.000000E-03
          234.00000  0.20000 0.500000  45.0000 360.0000 360.0000  59.8353  1.000000E-03
          235.00000  0.20000 0.500000  45.0000   0.0000   0.0000  70.8602  1.000000E-03
          236.00000  0.20000 0.500000  45.0000 360.0000 360.0000  81.8851  1.000000E-03
          237.00000  0.20000 0.500000  45.0000 360.0000 360.0000  92.9101  1.000000E-03
          238.00000  0.20000 0.500000  45.0000 360.0000 360.0000 103.9350  1.000000E-03
          239.00000  0.20000 0.500000  45.0000   0.0000   0.0000 114.9600  1.000000E-03
          240.00000  0.20000 0.500000  45.0000   0.0000 360.0000 125.9849  1.000000E-03
          241.00000  0.20000 0.500000  45.0000   0.0000 360.0000 137.0098  1.000000E-03
          242.00000  0.20000 0.500000  45.0000 360.0000 360.0000 148.0348  1.000000E-03
          243.00000  0.20000 0.500000  45.0000 360.0000 360.0000 159.0597  1.000000E-03
          244.00000  0.20000 0.500000  45.0000 360.0000 360.0000 170.0846  1.000000E-03
          245.00000  0.20000 0.500000  45.0000 360.0000   0.0000 181.1096  1.000000E-03
          246.00000  0.20000 0.500000  45.0000 360.0000 360.0000 192.1345  1.000000E-03
          247.00000  0.20000 0.500000  45.0000 360.0000 360.0000 203.1594  1.000000E-03
          248.00000  0.20000 0.500000  45.0000 360.0000 360.0000 214.1844  1.000000E-03
          249.00000  0.20000 0.500000  45.0000 360.0000 360.0000 225.2093  1.000000E-03
          250.00000  0.20000 0.500000  45.0000 360.0000 360.0000 236.2343  1.000000E-03
          251.00000  0.20000 0.500000  45.0000 360.0000 360.0000 247.2592  1.000000E-03
          252.00000  0.20000 0.500000  45.0000 360.0000 360.0000 258.2841  1.000000E-03
          253.00000  0.20000 0.500000  45.0000 360.0000 360.0000 269.3091  1.000000E-03
          254.00000  0.20000 0.500000  45.0000 360.0000 360.0000 280.3340  1.000000E-03
          255.00000  0.20000 0.500000  45.0000 360.0000 360.0000 291.3589  1.000000E-03
          256.00000  0.20000 0.500000  45.0000   0.0000 360.0000 302.3839  1.000000E-03
          257.00000  0.20000 0.500000  45.0000   0.0000 360.0000 313.4088  1.000000E-03
          258.00000  0.20000 0.500000  45.0000   0.0000 360.0000 324.4338  1.000000E-03
          259.00000  0.20000 0.500000  45.0000   0.0000 360.0000 335.4587  1.000000E-03
          260.00000  0.20000 0.500000  45.0000 360.0000 360.0000 346.4836  1.000000E-03
          261.00000  0.20000 0.500000  45.0000 360.0000 360.0000 357.5086  1.000000E-03
          262.00000  0.20000 0.500000  45.0000   0.0000 360.0000   8.5335  1.000000E-03
          263.00000  0.20000 0.500000  45.0000   0.0000 360.0000  19.5584  1.000000E-03
          264.00000  0.20000 0.500000  45.0000 360.0000 360.0000  30.5834  1.000000E-03
          265.00000  0.20000 0.500000  45.0000 360.0000 360.0000  41.6083  1.000000E-03
          266.00000  0.20000 0.500000  45.0000 360.0000   0.0000  52.6333  1.000000E-03
          267.00000  0.20000 0.500000  45.0000 360.0000   0.0000  63.6582  1.000000E-03
          268.00000  0.20000 0.500000  45.0000 360.0000   0.0000  74.6831  1.000000E-03
          269.00000  0.20000 0.500000  45.0000   0.0000 360.0000  85.7081  1.000000E-03
          270.00000  0.20000 0.500000  45.0000   0.0000 360.0000  96.7330  1.000000E-03
          271.00000  0.20000 0.500000  45.0000 360.0000 360.0000 107.7579  1.000000E-03
          272.00000  0.20000 0.500000  45.0000 360.0000   0.0000 118.7829  1.000000E-03
          273.00000  0.20000 0.500000  45.0000   0.0000   0.0000 129.8078  1.000000E-03
          274.00000  0.20000 0.500000  45.0000   0.0000 360.0000 140.8327  1.000000E-03
          275.00000  0.20000 0.500000  45.0000 360.0000 360.0000 151.8577  1.000000E-03
          276.00000  0.20000 0.500000  45.0000 360.0000   0.0000 162.8826  1.000000E-03
          277.00000  0.20000 0.500000  45.0000 360.0000 360.0000 173.9076  1.000000E-03
          278.00000  0.20000 0.500000  45.0000 360.0000   0.0000 184.9325  1.000000E-03
          279.00000  0.20000 0.500000  45.0000 360.0000 360.0000 195.9574  1.000000E-03
          280.00000  0.20000 0.500000  45.0000 360.0000 360.0000 206.9824  1.000000E-03
          281.00000  0.20000 0.500000  45.0000 360.0000 360.0000 218.0073  1.000000E-03
          282.00000  0.20000 0.500000  45.0000 360.0000 360.0000 229.0322  1.000000E-03
          283.00000  0.20000 0.500000  45.0000 360.0000 360.0000 240.0572  1.000000E-03
          284.00000  0.20000 0.500000  45.0000 360.0000 360.0000 251.0821  1.000000E-03
          285.00000  0.20000 0.500000  45.0000 360.0000 360.0000 262.1071  1.000000E-03
          286.00000  0.20000 0.500000  45.0000 360.0000 360.0000 273.1320  1.000000E-03
          287.00000  0.20000 0.500000  45.0000 360.0000 360.0000 284.1569  1.000000E-03
          288.00000  0.20000 0.500000  45.0000 360.0000 360.0000 295.1819  1.000000E-03
          289.00000  0.20000 0.500000  45.0000   0.0000 360.0000 306.2068  1.000000E-03
          290.00000  0.20000 0.500000  45.0000   0.0000 360.0000 317.2317  1.000000E-03
          291.00000  0.20000 0.500000  45.0000   0.0000 360.0000 328.2567  1.000000E-03
          292.00000  0.20000 0.500000  45.0000 360.0000 360.0000 339.2816  1.000000E-03
          293.00000  0.20000 0.500000  45.0000   0.0000 360.0000 350.3066  1.000000E-03
          294.00000  0.20000 0.500000  45.0000   0.0000 360.0000   1.3315  1.000000E-03
          295.00000  0.20000 0.500000  45.0000 360.0000 360.0000  12.3564  1.000000E-03
          296.00000  0.20000 0.500000  45.0000 360.0000   0.0000  23.3814  1.000000E-03
          297.00000  0.20000 0.500000  45.0000   0.0000 360.0000  34.4063  1.000000E-03
          298.00000  0.20000 0.500000  45.0000 360.0000 360.0000  45.4312  1.000000E-03
          299.00000  0.20000 0.500000  45.0000   0.0000 360.0000  56.4562  1.000000E-03
          300.00000  0.20000 0.500000  45.0000   0.0000 360.0000  67.4811  1.000000E-03
          301.00000  0.20000 0.500000  45.0000   0.0000 360.0000  78.5060  1.000000E-03
          302.00000  0.20000 0.500000  45.0000   0.0000 360.0000  89.5310  1.000000E-03
          303.00000  0.20000 0.500000  45.0000 360.0000 360.0000 100.5559  1.000000E-03
          304.00000  0.20000 0.500000  45.0000 360.0000   0.0000 111.5809  1.000000E-03
          305.00000  0.20000 0.500000  45.0000 360.0000 360.0000 122.6058  1.000000E-03
          306.00000  0.20000 0.500000  45.0000 360.0000 360.0000 133.6307  1.000000E-03
          307.00000  0.20000 0.500000  45.0000 360.0000 360.0000 144.6557  1.000000E-03
          308.00000  0.20000 0.500000  45.0000 360.0000 360.0000 155.6806  1.000000E-03
          309.00000  0.20000 0.500000  45.0000 360.0000 360.0000 166.7055  1.000000E-03
          310.00000  0.20000 0.500000  45.0000 360.0000   0.0000 177.7305  1.000000E-03
          311.00000  0.20000 0.500000  45.0000 360.0000   0.0000 188.7554  1.000000E-03
          312.00000  0.20000 0.500000  45.0000 360.0000 360.0000 199.7804  1.000000E-03
          313.00000  0.20000 0.500000  45.0000 360.0000 360.0000 210.8053  1.000000E-03
          314.00000  0.20000 0.500000  45.0000 360.0000 360.0000 221.8302  1.000000E-03
          315.00000  0.20000 0.500000  45.0000 360.0000 360.0000 232.8552  1.000000E-03
          316.00000  0.20000 0.500000  45.0000 360.0000   0.0000 243.8801  1.000000E-03
          317.00000  0.20000 0.500000  45.0000 360.0000 360.0000 254.9050  1.000000E-03
          318.00000  0.20000 0.500000  45.0000 360.0000 360.0000 265.9300  1.000000E-03
          319.00000  0.20000 0.500000  45.0000   0.0000 360.0000 276.9549  1.000000E-03
          320.00000  0.20000 0.500000  45.0000 360.0000 360.0000 287.9799  1.000000E-03
          321.00000  0.20000 0.500000  45.0000   0.0000 360.0000 299.0048  1.000000E-03
          322.00000  0.20000 0.500000  45.0000 360.0000 360.0000 310.0297  1.000000E-03
          323.00000  0.20000 0.500000  45.0000   0.0000 360.0000 321.0547  1.000000E-03
          324.00000  0.20000 0.500000  45.0000   0.0000 360.0000 332.0796  1.000000E-03
          325.00000  0.20000 0.500000  45.0000 360.0000 360.0000 343.1045  1.000000E-03
          326.00000  0.20000 0.500000  45.0000 360.0000 360.0000 354.1295  1.000000E-03
          327.00000  0.20000 0.500000  45.0000 360.0000 360.0000   5.1544  1.000000E-03
          328.00000  0.20000 0.500000  45.0000 360.0000 360.0000  16.1793  1.000000E-03
          329.00000  0.20000 0.500000  45.0000 360.0000 360.0000  27.2043  1.000000E-03
          330.00000  0.20000 0.500000  45.0000 360.0000   0.0000  38.2292  1.000000E-03
          331.00000  0.20000 0.500000  45.0000   0.0000 360.0000  49.2542  1.000000E-03
          332.00000  0.20000 0.500000  45.0000 360.0000   0.0000  60.2791  1.000000E-03
          333.00000  0.20000 0.500000  45.0000   0.0000 360.0000  71.3040  1.000000E-03
          334.00000  0.20000 0.500000  45.0000   0.0000 360.0000  82.3290  1.000000E-03
          335.00000  0.20000 0.500000  45.0000 360.0000 360.0000  93.3539  1.000000E-03
          336.00000  0.20000 0.500000  45.0000 360.0000 360.0000 104.3788  1.000000E-03
          337.00000  0.20000 0.500000  45.0000 360.0000 360.0000 115.4038  1.000000E-03
          338.00000  0.20000 0.500000  45.0000 360.0000 360.0000 126.4287  1.000000E-03
          339.00000  0.20000 0.500000  45.0000 360.0000 360.0000 137.4537  1.000000E-03
          340.00000  0.20000 0.500000  45.0000 360.0000   0.0000 148.4786  1.000000E-03
          341.00000  0.20000 0.500000  45.0000 360.0000 360.0000 159.5035  1.000000E-03
          342.00000  0.20000 0.500000  45.0000 360.0000 360.0000 170.5285  1.000000E-03
          343.00000  0.20000 0.500000  45.0000 360.0000 360.0000 181.5534  1.000000E-03
          344.00000  0.20000 0.500000  45.0000 360.0000 360.0000 192.5783  1.000000E-03
          345.00000  0.20000 0.500000  45.0000 360.0000 360.0000 203.6033  1.000000E-03
          346.00000  0.20000 0.500000  45.0000 360.0000 360.0000 214.6282  1.000000E-03
          347.00000  0.20000 0.500000  45.0000 360.0000 360.0000 225.6532  1.000000E-03
          348.00000  0.20000 0.500000  45.0000 360.0000 360.0000 236.6781  1.000000E-03
          349.00000  0.20000 0.500000  45.0000 360.0000 360.0000 247.7030  1.000000E-03
          350.00000  0.20000 0.500000  45.0000 360.0000 360.0000 258.7280  1.000000E-03
          351.00000  0.20000 0.500000  45.0000   0.0000 360.0000 269.7529  1.000000E-03
          352.00000  0.20000 0.500000  45.0000 360.0000 360.0000 280.7778  1.000000E-03
          353.00000  0.20000 0.500000  45.0000 360.0000 360.0000 291.8028  1.000000E-03
          354.00000  0.20000 0.500000  45.0000 360.0000 360.0000 302.8277  1.000000E-03
          355.00000  0.20000 0.500000  45.0000 360.0000 360.0000 313.8526  1.000000E-03
          356.00000  0.20000 0.500000  45.0000   0.0000 360.0000 324.8776  1.000000E-03
          357.00000  0.20000 0.500000  45.0000   0.0000 360.0000 335.9025  1.000000E-03
          358.00000  0.20000 0.500000  45.0000   0.0000 360.0000 346.9275  1.000000E-03
          359.00000  0.20000 0.500000  45.0000   0.0000 360.0000 357.9524  1.000000E-03
          360.00000  0.20000 0.500000  45.0000   0.0000 360.0000   8.9773  1.000000E-03
          361.00000  0.20000 0.500000  45.0000 360.0000 360.0000  20.0023  1.000000E-03
          362.00000  0.20000 0.500000  45.0000 360.0000 360.0000  31.0272  1.000000E-03
          363.00000  0.20000 0.500000  45.0000 360.0000   0.0000  42.0521  1.000000E-03
          364.00000  0.20000 0.500000  45.0000   0.0000 360.0000  53.0771  1.000000E-03
          365.00000  0.20000 0.500000  45.0000 360.0000   0.0000  64.1020  1.000000E-03
