
                              plan1   

    Time (days)         a        e        i      peri     node       M        mass     
            0.00000  0.20000 0.500000  45.0000   0.0000   0.0000   0.0000  0.000000E+00
            1.00000  0.20000 0.500000  45.0000   0.0000 360.0000  11.0194  0.000000E+00
            2.00000  0.20000 0.500000  45.0000   0.0000 360.0000  22.0389  0.000000E+00
            3.00000  0.20000 0.500000  45.0000   0.0000 360.0000  33.0583  0.000000E+00
            4.00000  0.20000 0.500000  45.0000   0.0000 360.0000  44.0777  0.000000E+00
            5.00000  0.20000 0.500000  45.0000   0.0000   0.0000  55.0971  0.000000E+00
            6.00000  0.20000 0.500001  45.0000   0.0000 360.0000  66.1165  0.000000E+00
            7.00000  0.20000 0.500001  45.0000   0.0000 360.0000  77.1359  0.000000E+00
            8.00000  0.20000 0.500001  45.0000   0.0000   0.0000  88.1554  0.000000E+00
            9.00000  0.20000 0.500001  45.0000   0.0000 360.0000  99.1748  0.000000E+00
           10.00000  0.20000 0.500001  45.0000   0.0000 360.0000 110.1942  0.000000E+00
           11.00000  0.20000 0.500001  45.0000   0.0000   0.0000 121.2136  0.000000E+00
           12.00000  0.20000 0.500001  45.0000   0.0000 360.0000 132.2330  0.000000E+00
           13.00000  0.20000 0.500001  45.0000   0.0000   0.0000 143.2525  0.000000E+00
           14.00000  0.20000 0.500001  45.0000   0.0000   0.0000 154.2719  0.000000E+00
           15.00000  0.20000 0.500001  45.0000   0.0000 360.0000 165.2913  0.000000E+00
           16.00000  0.20000 0.500001  45.0000   0.0000   0.0000 176.3107  0.000000E+00
           17.00000  0.20000 0.500001  45.0000   0.0000 360.0000 187.3302  0.000000E+00
           18.00000  0.20000 0.500002  45.0000   0.0000 360.0000 198.3496  0.000000E+00
           19.00000  0.20000 0.500002  45.0000   0.0000   0.0000 209.3690  0.000000E+00
           20.00000  0.20000 0.500002  45.0000   0.0000 360.0000 220.3885  0.000000E+00
           21.00000  0.20000 0.500002  45.0000   0.0000 360.0000 231.4079  0.000000E+00
           22.00000  0.20000 0.500002  45.0000   0.0000 360.0000 242.4273  0.000000E+00
           23.00000  0.20000 0.500002  45.0000   0.0000 360.0000 253.4468  0.000000E+00
           24.00000  0.20000 0.500002  45.0000   0.0000 360.0000 264.4662  0.000000E+00
           25.00000  0.20000 0.500002  45.0000   0.0000 360.0000 275.4857  0.000000E+00
           26.00000  0.20000 0.500002  45.0000   0.0000 360.0000 286.5051  0.000000E+00
           27.00000  0.20000 0.500002  45.0000   0.0000 360.0000 297.5245  0.000000E+00
           28.00000  0.20000 0.500002  45.0000   0.0000 360.0000 308.5440  0.000000E+00
           29.00000  0.20000 0.500002  45.0000   0.0000 360.0000 319.5634  0.000000E+00
           30.00000  0.20000 0.500003  45.0000   0.0000 360.0000 330.5828  0.000000E+00
           31.00000  0.20000 0.500003  45.0000   0.0000 360.0000 341.6023  0.000000E+00
           32.00000  0.20000 0.500003  45.0000   0.0000 360.0000 352.6217  0.000000E+00
           33.00000  0.20000 0.500003  45.0000   0.0000 360.0000   3.6411  0.000000E+00
           34.00000  0.20000 0.500003  45.0000   0.0000 360.0000  14.6606  0.000000E+00
           35.00000  0.20000 0.500003  45.0000   0.0000 360.0000  25.6800  0.000000E+00
           36.00000  0.20000 0.500003  45.0000   0.0000 360.0000  36.6994  0.000000E+00
           37.00000  0.20000 0.500003  45.0000   0.0000   0.0000  47.7188  0.000000E+00
           38.00000  0.20000 0.500003  45.0000   0.0000 360.0000  58.7383  0.000000E+00
           39.00000  0.20000 0.500003  45.0000   0.0000   0.0000  69.7577  0.000000E+00
           40.00000  0.20000 0.500003  45.0000   0.0000 360.0000  80.7771  0.000000E+00
           41.00000  0.20000 0.500004  45.0000   0.0000 360.0000  91.7965  0.000000E+00
           42.00000  0.20000 0.500004  45.0000   0.0000 360.0000 102.8159  0.000000E+00
           43.00000  0.20000 0.500004  45.0000   0.0000 360.0000 113.8353  0.000000E+00
           44.00000  0.20000 0.500004  45.0000   0.0000   0.0000 124.8548  0.000000E+00
           45.00000  0.20000 0.500004  45.0000   0.0000 360.0000 135.8742  0.000000E+00
           46.00000  0.20000 0.500004  45.0000   0.0000   0.0000 146.8936  0.000000E+00
           47.00000  0.20000 0.500004  45.0000   0.0000 360.0000 157.9130  0.000000E+00
           48.00000  0.20000 0.500004  45.0000   0.0000 360.0000 168.9325  0.000000E+00
           49.00000  0.20000 0.500004  45.0000   0.0000   0.0000 179.9519  0.000000E+00
           50.00000  0.20000 0.500004  45.0000   0.0000 360.0000 190.9713  0.000000E+00
           51.00000  0.20000 0.500004  45.0000   0.0000   0.0000 201.9907  0.000000E+00
           52.00000  0.20000 0.500004  45.0000   0.0000   0.0000 213.0102  0.000000E+00
           53.00000  0.20000 0.500005  45.0000   0.0000 360.0000 224.0296  0.000000E+00
           54.00000  0.20000 0.500005  45.0000   0.0000 360.0000 235.0490  0.000000E+00
           55.00000  0.20000 0.500005  45.0000   0.0000 360.0000 246.0685  0.000000E+00
           56.00000  0.20000 0.500005  45.0000   0.0000 360.0000 257.0879  0.000000E+00
           57.00000  0.20000 0.500005  45.0000   0.0000 360.0000 268.1074  0.000000E+00
           58.00000  0.20000 0.500005  45.0000   0.0000 360.0000 279.1268  0.000000E+00
           59.00000  0.20000 0.500005  45.0000   0.0000 360.0000 290.1462  0.000000E+00
           60.00000  0.20000 0.500005  45.0000   0.0000 360.0000 301.1657  0.000000E+00
           61.00000  0.20000 0.500005  45.0000   0.0000 360.0000 312.1851  0.000000E+00
           62.00000  0.20000 0.500005  45.0000   0.0000 360.0000 323.2046  0.000000E+00
           63.00000  0.20000 0.500005  45.0000   0.0000 360.0000 334.2240  0.000000E+00
           64.00000  0.20000 0.500006  45.0000   0.0000 360.0000 345.2434  0.000000E+00
           65.00000  0.20000 0.500006  45.0000   0.0000 360.0000 356.2629  0.000000E+00
           66.00000  0.20000 0.500006  45.0000   0.0000 360.0000   7.2823  0.000000E+00
           67.00000  0.20000 0.500006  45.0000   0.0000 360.0000  18.3017  0.000000E+00
           68.00000  0.20000 0.500006  45.0000   0.0000 360.0000  29.3211  0.000000E+00
           69.00000  0.20000 0.500006  45.0000   0.0000 360.0000  40.3406  0.000000E+00
           70.00000  0.20000 0.500006  45.0000   0.0000 360.0000  51.3600  0.000000E+00
           71.00000  0.20000 0.500006  45.0000   0.0000 360.0000  62.3794  0.000000E+00
           72.00000  0.20000 0.500006  45.0000   0.0000 360.0000  73.3988  0.000000E+00
           73.00000  0.20000 0.500006  45.0000   0.0000   0.0000  84.4182  0.000000E+00
           74.00000  0.20000 0.500006  45.0000   0.0000 360.0000  95.4376  0.000000E+00
           75.00000  0.20000 0.500006  45.0000   0.0000   0.0000 106.4571  0.000000E+00
           76.00000  0.20000 0.500007  45.0000   0.0000 360.0000 117.4765  0.000000E+00
           77.00000  0.20000 0.500007  45.0000   0.0000 360.0000 128.4959  0.000000E+00
           78.00000  0.20000 0.500007  45.0000   0.0000 360.0000 139.5153  0.000000E+00
           79.00000  0.20000 0.500007  45.0000   0.0000 360.0000 150.5347  0.000000E+00
           80.00000  0.20000 0.500007  45.0000   0.0000 360.0000 161.5542  0.000000E+00
           81.00000  0.20000 0.500007  45.0000   0.0000   0.0000 172.5736  0.000000E+00
           82.00000  0.20000 0.500007  45.0000   0.0000   0.0000 183.5930  0.000000E+00
           83.00000  0.20000 0.500007  45.0000   0.0000   0.0000 194.6125  0.000000E+00
           84.00000  0.20000 0.500007  45.0000   0.0000   0.0000 205.6319  0.000000E+00
           85.00000  0.20000 0.500007  45.0000   0.0000 360.0000 216.6513  0.000000E+00
           86.00000  0.20000 0.500007  45.0000   0.0000 360.0000 227.6708  0.000000E+00
           87.00000  0.20000 0.500007  45.0000   0.0000 360.0000 238.6902  0.000000E+00
           88.00000  0.20000 0.500008  45.0000   0.0000 360.0000 249.7096  0.000000E+00
           89.00000  0.20000 0.500008  45.0000   0.0000 360.0000 260.7291  0.000000E+00
           90.00000  0.20000 0.500008  45.0000   0.0000 360.0000 271.7485  0.000000E+00
           91.00000  0.20000 0.500008  45.0000   0.0000 360.0000 282.7680  0.000000E+00
           92.00000  0.20000 0.500008  45.0000   0.0000 360.0000 293.7874  0.000000E+00
           93.00000  0.20000 0.500008  45.0000   0.0000 360.0000 304.8068  0.000000E+00
           94.00000  0.20000 0.500008  45.0000   0.0000 360.0000 315.8263  0.000000E+00
           95.00000  0.20000 0.500008  45.0000   0.0000 360.0000 326.8457  0.000000E+00
           96.00000  0.20000 0.500008  45.0000   0.0000 360.0000 337.8651  0.000000E+00
           97.00000  0.20000 0.500008  45.0000   0.0000 360.0000 348.8846  0.000000E+00
           98.00000  0.20000 0.500008  45.0000   0.0000 360.0000 359.9040  0.000000E+00
           99.00000  0.20000 0.500009  45.0000   0.0000 360.0000  10.9234  0.000000E+00
          100.00000  0.20000 0.500009  45.0000   0.0000 360.0000  21.9429  0.000000E+00
          101.00000  0.20000 0.500009  45.0000   0.0000 360.0000  32.9623  0.000000E+00
          102.00000  0.20000 0.500009  45.0000   0.0000   0.0000  43.9817  0.000000E+00
          103.00000  0.20000 0.500009  45.0000   0.0000 360.0000  55.0011  0.000000E+00
          104.00000  0.20000 0.500009  45.0000   0.0000 360.0000  66.0205  0.000000E+00
          105.00000  0.20000 0.500009  45.0000   0.0000 360.0000  77.0400  0.000000E+00
          106.00000  0.20000 0.500009  45.0000   0.0000 360.0000  88.0594  0.000000E+00
          107.00000  0.20000 0.500009  45.0000   0.0000   0.0000  99.0788  0.000000E+00
          108.00000  0.20000 0.500009  45.0000   0.0000 360.0000 110.0982  0.000000E+00
          109.00000  0.20000 0.500009  45.0000   0.0000   0.0000 121.1176  0.000000E+00
          110.00000  0.20000 0.500009  45.0000   0.0000 360.0000 132.1370  0.000000E+00
          111.00000  0.20000 0.500010  45.0000   0.0000 360.0000 143.1565  0.000000E+00
          112.00000  0.20000 0.500010  45.0000   0.0000 360.0000 154.1759  0.000000E+00
          113.00000  0.20000 0.500010  45.0000   0.0000 360.0000 165.1953  0.000000E+00
          114.00000  0.20000 0.500010  45.0000   0.0000 360.0000 176.2147  0.000000E+00
          115.00000  0.20000 0.500010  45.0000   0.0000   0.0000 187.2342  0.000000E+00
          116.00000  0.20000 0.500010  45.0000   0.0000   0.0000 198.2536  0.000000E+00
          117.00000  0.20000 0.500010  45.0000   0.0000 360.0000 209.2730  0.000000E+00
          118.00000  0.20000 0.500010  45.0000   0.0000   0.0000 220.2925  0.000000E+00
          119.00000  0.20000 0.500010  45.0000   0.0000 360.0000 231.3119  0.000000E+00
          120.00000  0.20000 0.500010  45.0000   0.0000   0.0000 242.3313  0.000000E+00
          121.00000  0.20000 0.500010  45.0000   0.0000 360.0000 253.3508  0.000000E+00
          122.00000  0.20000 0.500011  45.0000   0.0000 360.0000 264.3702  0.000000E+00
          123.00000  0.20000 0.500011  45.0000   0.0000 360.0000 275.3897  0.000000E+00
          124.00000  0.20000 0.500011  45.0000   0.0000 360.0000 286.4091  0.000000E+00
          125.00000  0.20000 0.500011  45.0000   0.0000 360.0000 297.4285  0.000000E+00
          126.00000  0.20000 0.500011  45.0000   0.0000 360.0000 308.4480  0.000000E+00
          127.00000  0.20000 0.500011  45.0000   0.0000 360.0000 319.4674  0.000000E+00
          128.00000  0.20000 0.500011  45.0000   0.0000 360.0000 330.4869  0.000000E+00
          129.00000  0.20000 0.500011  45.0000   0.0000 360.0000 341.5063  0.000000E+00
          130.00000  0.20000 0.500011  45.0000   0.0000 360.0000 352.5257  0.000000E+00
          131.00000  0.20000 0.500011  45.0000   0.0000 360.0000   3.5452  0.000000E+00
          132.00000  0.20000 0.500011  45.0000   0.0000 360.0000  14.5646  0.000000E+00
          133.00000  0.20000 0.500011  45.0000   0.0000   0.0000  25.5840  0.000000E+00
          134.00000  0.20000 0.500012  45.0000   0.0000 360.0000  36.6034  0.000000E+00
          135.00000  0.20000 0.500012  45.0000   0.0000 360.0000  47.6228  0.000000E+00
          136.00000  0.20000 0.500012  45.0000   0.0000 360.0000  58.6423  0.000000E+00
          137.00000  0.20000 0.500012  45.0000   0.0000 360.0000  69.6617  0.000000E+00
          138.00000  0.20000 0.500012  45.0000   0.0000   0.0000  80.6811  0.000000E+00
          139.00000  0.20000 0.500012  45.0000   0.0000 360.0000  91.7005  0.000000E+00
          140.00000  0.20000 0.500012  45.0000   0.0000 360.0000 102.7199  0.000000E+00
          141.00000  0.20000 0.500012  45.0000   0.0000 360.0000 113.7393  0.000000E+00
          142.00000  0.20000 0.500012  45.0000   0.0000   0.0000 124.7588  0.000000E+00
          143.00000  0.20000 0.500012  45.0000   0.0000 360.0000 135.7782  0.000000E+00
          144.00000  0.20000 0.500012  45.0000   0.0000 360.0000 146.7976  0.000000E+00
          145.00000  0.20000 0.500012  45.0000   0.0000 360.0000 157.8170  0.000000E+00
          146.00000  0.20000 0.500013  45.0000   0.0000   0.0000 168.8365  0.000000E+00
          147.00000  0.20000 0.500013  45.0000   0.0000 360.0000 179.8559  0.000000E+00
          148.00000  0.20000 0.500013  45.0000   0.0000 360.0000 190.8753  0.000000E+00
          149.00000  0.20000 0.500013  45.0000   0.0000 360.0000 201.8947  0.000000E+00
          150.00000  0.20000 0.500013  45.0000   0.0000 360.0000 212.9142  0.000000E+00
          151.00000  0.20000 0.500013  45.0000   0.0000 360.0000 223.9336  0.000000E+00
          152.00000  0.20000 0.500013  45.0000   0.0000 360.0000 234.9531  0.000000E+00
          153.00000  0.20000 0.500013  45.0000   0.0000 360.0000 245.9725  0.000000E+00
          154.00000  0.20000 0.500013  45.0000   0.0000 360.0000 256.9919  0.000000E+00
          155.00000  0.20000 0.500013  45.0000   0.0000 360.0000 268.0114  0.000000E+00
          156.00000  0.20000 0.500013  45.0000   0.0000 360.0000 279.0308  0.000000E+00
          157.00000  0.20000 0.500014  45.0000   0.0000 360.0000 290.0502  0.000000E+00
          158.00000  0.20000 0.500014  45.0000   0.0000 360.0000 301.0697  0.000000E+00
          159.00000  0.20000 0.500014  45.0000   0.0000 360.0000 312.0891  0.000000E+00
          160.00000  0.20000 0.500014  45.0000   0.0000 360.0000 323.1086  0.000000E+00
          161.00000  0.20000 0.500014  45.0000   0.0000 360.0000 334.1280  0.000000E+00
          162.00000  0.20000 0.500014  45.0000   0.0000 360.0000 345.1474  0.000000E+00
          163.00000  0.20000 0.500014  45.0000   0.0000 360.0000 356.1669  0.000000E+00
          164.00000  0.20000 0.500014  45.0000   0.0000 360.0000   7.1863  0.000000E+00
          165.00000  0.20000 0.500014  45.0000   0.0000 360.0000  18.2057  0.000000E+00
          166.00000  0.20000 0.500014  45.0000   0.0000 360.0000  29.2251  0.000000E+00
          167.00000  0.20000 0.500014  45.0000   0.0000   0.0000  40.2446  0.000000E+00
          168.00000  0.20000 0.500014  45.0000   0.0000 360.0000  51.2640  0.000000E+00
          169.00000  0.20000 0.500015  45.0000   0.0000 360.0000  62.2834  0.000000E+00
          170.00000  0.20000 0.500015  45.0000   0.0000 360.0000  73.3028  0.000000E+00
          171.00000  0.20000 0.500015  45.0000   0.0000 360.0000  84.3222  0.000000E+00
          172.00000  0.20000 0.500015  45.0000   0.0000 360.0000  95.3417  0.000000E+00
          173.00000  0.20000 0.500015  45.0000   0.0000 360.0000 106.3611  0.000000E+00
          174.00000  0.20000 0.500015  45.0000   0.0000 360.0000 117.3805  0.000000E+00
          175.00000  0.20000 0.500015  45.0000   0.0000 360.0000 128.3999  0.000000E+00
          176.00000  0.20000 0.500015  45.0000   0.0000   0.0000 139.4193  0.000000E+00
          177.00000  0.20000 0.500015  45.0000   0.0000 360.0000 150.4388  0.000000E+00
          178.00000  0.20000 0.500015  45.0000   0.0000 360.0000 161.4582  0.000000E+00
          179.00000  0.20000 0.500015  45.0000   0.0000   0.0000 172.4776  0.000000E+00
          180.00000  0.20000 0.500015  45.0000   0.0000 360.0000 183.4970  0.000000E+00
          181.00000  0.20000 0.500016  45.0000   0.0000 360.0000 194.5165  0.000000E+00
          182.00000  0.20000 0.500016  45.0000   0.0000 360.0000 205.5359  0.000000E+00
          183.00000  0.20000 0.500016  45.0000   0.0000 360.0000 216.5553  0.000000E+00
          184.00000  0.20000 0.500016  45.0000   0.0000 360.0000 227.5748  0.000000E+00
          185.00000  0.20000 0.500016  45.0000   0.0000 360.0000 238.5942  0.000000E+00
          186.00000  0.20000 0.500016  45.0000   0.0000 360.0000 249.6136  0.000000E+00
          187.00000  0.20000 0.500016  45.0000   0.0000 360.0000 260.6331  0.000000E+00
          188.00000  0.20000 0.500016  45.0000   0.0000 360.0000 271.6525  0.000000E+00
          189.00000  0.20000 0.500016  45.0000   0.0000 360.0000 282.6720  0.000000E+00
          190.00000  0.20000 0.500016  45.0000   0.0000 360.0000 293.6914  0.000000E+00
          191.00000  0.20000 0.500016  45.0000   0.0000 360.0000 304.7108  0.000000E+00
          192.00000  0.20000 0.500017  45.0000   0.0000 360.0000 315.7303  0.000000E+00
          193.00000  0.20000 0.500017  45.0000   0.0000 360.0000 326.7497  0.000000E+00
          194.00000  0.20000 0.500017  45.0000   0.0000 360.0000 337.7691  0.000000E+00
          195.00000  0.20000 0.500017  45.0000   0.0000 360.0000 348.7886  0.000000E+00
          196.00000  0.20000 0.500017  45.0000   0.0000 360.0000 359.8080  0.000000E+00
          197.00000  0.20000 0.500017  45.0000   0.0000 360.0000  10.8274  0.000000E+00
          198.00000  0.20000 0.500017  45.0000   0.0000 360.0000  21.8469  0.000000E+00
          199.00000  0.20000 0.500017  45.0000   0.0000 360.0000  32.8663  0.000000E+00
          200.00000  0.20000 0.500017  45.0000   0.0000 360.0000  43.8857  0.000000E+00
          201.00000  0.20000 0.500017  45.0000   0.0000   0.0000  54.9051  0.000000E+00
          202.00000  0.20000 0.500017  45.0000   0.0000 360.0000  65.9245  0.000000E+00
          203.00000  0.20000 0.500017  45.0000   0.0000 360.0000  76.9440  0.000000E+00
          204.00000  0.20000 0.500018  45.0000   0.0000 360.0000  87.9634  0.000000E+00
          205.00000  0.20000 0.500018  45.0000   0.0000 360.0000  98.9828  0.000000E+00
          206.00000  0.20000 0.500018  45.0000   0.0000 360.0000 110.0022  0.000000E+00
          207.00000  0.20000 0.500018  45.0000   0.0000 360.0000 121.0216  0.000000E+00
          208.00000  0.20000 0.500018  45.0000   0.0000 360.0000 132.0410  0.000000E+00
          209.00000  0.20000 0.500018  45.0000   0.0000 360.0000 143.0605  0.000000E+00
          210.00000  0.20000 0.500018  45.0000   0.0000 360.0000 154.0799  0.000000E+00
          211.00000  0.20000 0.500018  45.0000   0.0000   0.0000 165.0993  0.000000E+00
          212.00000  0.20000 0.500018  45.0000   0.0000 360.0000 176.1187  0.000000E+00
          213.00000  0.20000 0.500018  45.0000   0.0000 360.0000 187.1382  0.000000E+00
          214.00000  0.20000 0.500018  45.0000   0.0000 360.0000 198.1576  0.000000E+00
          215.00000  0.20000 0.500019  45.0000   0.0000 360.0000 209.1770  0.000000E+00
          216.00000  0.20000 0.500019  45.0000   0.0000 360.0000 220.1965  0.000000E+00
          217.00000  0.20000 0.500019  45.0000   0.0000 360.0000 231.2159  0.000000E+00
          218.00000  0.20000 0.500019  45.0000   0.0000   0.0000 242.2353  0.000000E+00
          219.00000  0.20000 0.500019  45.0000   0.0000 360.0000 253.2548  0.000000E+00
          220.00000  0.20000 0.500019  45.0000   0.0000 360.0000 264.2742  0.000000E+00
          221.00000  0.20000 0.500019  45.0000   0.0000 360.0000 275.2937  0.000000E+00
          222.00000  0.20000 0.500019  45.0000   0.0000 360.0000 286.3131  0.000000E+00
          223.00000  0.20000 0.500019  45.0000   0.0000 360.0000 297.3325  0.000000E+00
          224.00000  0.20000 0.500019  45.0000   0.0000 360.0000 308.3520  0.000000E+00
          225.00000  0.20000 0.500019  45.0000   0.0000 360.0000 319.3714  0.000000E+00
          226.00000  0.20000 0.500019  45.0000   0.0000 360.0000 330.3909  0.000000E+00
          227.00000  0.20000 0.500020  45.0000   0.0000 360.0000 341.4103  0.000000E+00
          228.00000  0.20000 0.500020  45.0000   0.0000 360.0000 352.4297  0.000000E+00
          229.00000  0.20000 0.500020  45.0000   0.0000 360.0000   3.4492  0.000000E+00
          230.00000  0.20000 0.500020  45.0000   0.0000 360.0000  14.4686  0.000000E+00
          231.00000  0.20000 0.500020  45.0000   0.0000 360.0000  25.4880  0.000000E+00
          232.00000  0.20000 0.500020  45.0000   0.0000 360.0000  36.5074  0.000000E+00
          233.00000  0.20000 0.500020  45.0000   0.0000   0.0000  47.5268  0.000000E+00
          234.00000  0.20000 0.500020  45.0000   0.0000   0.0000  58.5463  0.000000E+00
          235.00000  0.20000 0.500020  45.0000   0.0000   0.0000  69.5657  0.000000E+00
          236.00000  0.20000 0.500020  45.0000   0.0000 360.0000  80.5851  0.000000E+00
          237.00000  0.20000 0.500020  45.0000   0.0000   0.0000  91.6045  0.000000E+00
          238.00000  0.20000 0.500020  45.0000   0.0000 360.0000 102.6239  0.000000E+00
          239.00000  0.20000 0.500021  45.0000   0.0000 360.0000 113.6433  0.000000E+00
          240.00000  0.20000 0.500021  45.0000   0.0000 360.0000 124.6628  0.000000E+00
          241.00000  0.20000 0.500021  45.0000   0.0000   0.0000 135.6822  0.000000E+00
          242.00000  0.20000 0.500021  45.0000   0.0000   0.0000 146.7016  0.000000E+00
          243.00000  0.20000 0.500021  45.0000   0.0000 360.0000 157.7210  0.000000E+00
          244.00000  0.20000 0.500021  45.0000   0.0000 360.0000 168.7405  0.000000E+00
          245.00000  0.20000 0.500021  45.0000   0.0000 360.0000 179.7599  0.000000E+00
          246.00000  0.20000 0.500021  45.0000   0.0000 360.0000 190.7793  0.000000E+00
          247.00000  0.20000 0.500021  45.0000   0.0000 360.0000 201.7987  0.000000E+00
          248.00000  0.20000 0.500021  45.0000   0.0000 360.0000 212.8182  0.000000E+00
          249.00000  0.20000 0.500021  45.0000   0.0000 360.0000 223.8376  0.000000E+00
          250.00000  0.20000 0.500022  45.0000   0.0000 360.0000 234.8571  0.000000E+00
