# HD 147018 3-body simulation with tides. Columns: time(years),e_tT,e_tF; where e = eccentricity inner planet, tT = tides on, tF = tides off
0.000000000000000000e+00 4.685999999999999055e-01 4.685999999999999055e-01
5.000000000000000000e+00 4.691380294330160239e-01 4.691380294420398056e-01
1.000000000000000000e+01 4.702362591238065104e-01 4.702362591255890845e-01
1.499999999999999822e+01 4.707562868647857113e-01 4.707562868650345678e-01
2.000000000000000000e+01 4.716855673834964846e-01 4.716855673913966651e-01
2.500000000000000000e+01 4.727281075911656250e-01 4.727281075917957320e-01
2.999999999999999645e+01 4.731759601453394137e-01 4.731759601463794151e-01
3.500000000000000000e+01 4.742800055370930967e-01 4.742800055417921712e-01
4.000000000000000000e+01 4.748356788221023694e-01 4.748356788173359599e-01
4.500000000000000000e+01 4.755885724707651363e-01 4.755885724753382560e-01
5.000000000000000000e+01 4.766819694779335093e-01 4.766819694792979734e-01
5.500000000000000000e+01 4.772570714361138444e-01 4.772570714311769602e-01
5.999999999999999289e+01 4.780823587309634970e-01 4.780823587363272620e-01
6.500000000000000000e+01 4.788647912704278031e-01 4.788647912622404079e-01
7.000000000000000000e+01 4.794262742720535875e-01 4.794262742715562076e-01
7.500000000000000000e+01 4.804728320458599433e-01 4.804728320466342684e-01
8.000000000000000000e+01 4.812549373000922226e-01 4.812549372925333802e-01
8.500000000000000000e+01 4.817336559308344479e-01 4.817336559312775379e-01
9.000000000000000000e+01 4.827898448617207183e-01 4.827898448526575792e-01
9.500000000000000000e+01 4.832141936437953644e-01 4.832141936373889335e-01
1.000000000000000000e+02 4.841286490669436948e-01 4.841286490653891605e-01
1.050000000000000000e+02 4.850743338668016547e-01 4.850743338588492937e-01
1.100000000000000000e+02 4.853808747944166058e-01 4.853808747865659412e-01
1.150000000000000142e+02 4.865375217502647676e-01 4.865375217430416566e-01
1.199999999999999858e+02 4.869580360661748819e-01 4.869580360540868291e-01
1.249999999999999858e+02 4.876756856035556753e-01 4.876756855980793337e-01
1.300000000000000000e+02 4.886938989547097156e-01 4.886938989466594885e-01
1.350000000000000000e+02 4.890907565824999526e-01 4.890907565675353119e-01
1.400000000000000000e+02 4.900294340819271177e-01 4.900294340755337874e-01
1.450000000000000000e+02 4.906374715264643638e-01 4.906374715099579009e-01
1.500000000000000000e+02 4.911358350635596226e-01 4.911358350525590888e-01
1.550000000000000000e+02 4.921356077483841074e-01 4.921356077390829364e-01
1.600000000000000000e+02 4.927387181700306207e-01 4.927387181509950143e-01
1.649999999999999716e+02 4.933157064124841229e-01 4.933157064020826654e-01
1.700000000000000000e+02 4.942033537772467233e-01 4.942033537586381087e-01
1.749999999999999716e+02 4.945228809826518468e-01 4.945228809651063262e-01
1.800000000000000000e+02 4.954189723081088848e-01 4.954189722960374298e-01
1.850000000000000000e+02 4.962123475094085134e-01 4.962123474891286801e-01
1.900000000000000000e+02 4.965501760855765001e-01 4.965501760670897324e-01
1.950000000000000000e+02 4.975771878944233451e-01 4.975771878765219425e-01
2.000000000000000000e+02 4.978443774084507778e-01 4.978443773849255960e-01
2.050000000000000000e+02 4.985773516207255840e-01 4.985773516041692166e-01
2.100000000000000000e+02 4.994647930919375312e-01 4.994647930710324757e-01
2.150000000000000000e+02 4.998113081529608204e-01 4.998113081265350144e-01
2.200000000000000000e+02 5.006869553730813882e-01 5.006869553576815957e-01
2.250000000000000000e+02 5.011000961419899147e-01 5.011000961166223178e-01
2.300000000000000284e+02 5.016303828641978102e-01 5.016303828466858183e-01
2.350000000000000000e+02 5.025060922770903105e-01 5.025060922616241266e-01
2.399999999999999716e+02 5.030280555616530869e-01 5.030280555388076946e-01
2.450000000000000000e+02 5.035416691768451747e-01 5.035416691668048728e-01
2.499999999999999716e+02 5.042496377953400444e-01 5.042496377759866366e-01
2.550000000000000000e+02 5.045923147252497909e-01 5.045923147095008332e-01
2.600000000000000000e+02 5.053684545293551933e-01 5.053684545197857370e-01
2.650000000000000000e+02 5.060796328753612849e-01 5.060796328582645165e-01
2.700000000000000000e+02 5.062939389632082898e-01 5.062939389548024582e-01
2.750000000000000000e+02 5.072189929710270162e-01 5.072189929597753499e-01
2.800000000000000000e+02 5.074707561128498634e-01 5.074707560988021005e-01
2.850000000000000000e+02 5.080820298521667722e-01 5.080820298467726426e-01
2.900000000000000000e+02 5.089092877310180674e-01 5.089092877214610455e-01
2.950000000000000000e+02 5.090822005503329306e-01 5.090822005424215924e-01
3.000000000000000000e+02 5.099171322755460256e-01 5.099171322721979260e-01
3.050000000000000000e+02 5.102633452624533161e-01 5.102633452511552425e-01
3.100000000000000000e+02 5.106771793889067768e-01 5.106771793868885023e-01
3.150000000000000000e+02 5.115113324594394717e-01 5.115113324562889918e-01
3.200000000000000000e+02 5.118546192276384188e-01 5.118546192218130786e-01
3.250000000000000000e+02 5.123295487451794417e-01 5.123295487466510423e-01
3.299999999999999432e+02 5.129469753276302280e-01 5.129469753204970450e-01
3.350000000000000000e+02 5.131696867353373603e-01 5.131696867353804370e-01
3.400000000000000000e+02 5.139111417692040495e-01 5.139111417713813079e-01
3.450000000000000000e+02 5.144684989116675711e-01 5.144684989103588402e-01
3.499999999999999432e+02 5.145839441124626656e-01 5.145839441151925930e-01
3.550000000000000000e+02 5.154593294601081954e-01 5.154593294598879272e-01
3.600000000000000000e+02 5.155735189461687629e-01 5.155735189484726977e-01
3.650000000000000000e+02 5.161422462085463181e-01 5.161422462145388579e-01
3.700000000000000000e+02 5.168399629776868620e-01 5.168399629819443453e-01
3.750000000000000000e+02 5.168348760201360026e-01 5.168348760243911544e-01
3.800000000000000000e+02 5.177215718662938615e-01 5.177215718729896166e-01
3.850000000000000568e+02 5.178849996475696216e-01 5.178849996524899080e-01
3.900000000000000000e+02 5.182335989266174670e-01 5.182335989354593941e-01
3.950000000000000000e+02 5.189643990029942922e-01 5.189643990133194773e-01
4.000000000000000000e+02 5.191047048013330834e-01 5.191047048076855575e-01
4.049999999999999432e+02 5.196803569509269582e-01 5.196803569624831587e-01
4.100000000000000000e+02 5.200768235984721821e-01 5.200768236072654815e-01
4.150000000000000000e+02 5.202074700690337838e-01 5.202074700801331275e-01
4.200000000000000000e+02 5.208760036244592939e-01 5.208760036395572168e-01
4.249999999999999432e+02 5.212390150976132785e-01 5.212390151078850620e-01
4.300000000000000000e+02 5.214221281984308121e-01 5.214221282122386558e-01
4.350000000000000000e+02 5.220933216228965668e-01 5.220933216369804120e-01
4.400000000000000000e+02 5.220743050953653430e-01 5.220743051078101660e-01
4.450000000000000000e+02 5.226023884543015141e-01 5.226023884732338143e-01
4.500000000000000000e+02 5.231327969495914720e-01 5.231327969646932807e-01
4.550000000000000000e+02 5.231142145238468766e-01 5.231142145389170439e-01
4.600000000000000568e+02 5.238534345142937809e-01 5.238534345342459320e-01
4.650000000000000000e+02 5.238406754506090834e-01 5.238406754663739173e-01
4.700000000000000000e+02 5.241780523124272007e-01 5.241780523336712072e-01
4.750000000000000000e+02 5.247587861873785897e-01 5.247587862073218590e-01
4.799999999999999432e+02 5.248081585865715937e-01 5.248081586038519930e-01
4.850000000000000000e+02 5.253016675037881500e-01 5.253016675288936232e-01
4.900000000000000000e+02 5.254910629503340980e-01 5.254910629696337709e-01
4.950000000000000000e+02 5.256218270262865699e-01 5.256218270488218769e-01
4.999999999999999432e+02 5.261440554620452348e-01 5.261440554863169305e-01
