# Columns: time (years), eccentricity (tides off), eccentricity (tides on)
0.000000000000000000e+00 4.685999999999999055e-01 4.685999999999999055e-01
1.000000000000000000e+00 4.685999999999999055e-01 4.288112459381945296e-01
2.000000000000000000e+00 4.685999999999997390e-01 4.015461292786748349e-01
3.000000000000000000e+00 4.686000000000000165e-01 3.805393347430685580e-01
4.000000000000000000e+00 4.686000000000000720e-01 3.633388485989317296e-01
5.000000000000000000e+00 4.685999999999997945e-01 3.487165228273674811e-01
6.000000000000000000e+00 4.685999999999999055e-01 3.359648084981001759e-01
7.000000000000000000e+00 4.685999999999999055e-01 3.246369967476135932e-01
8.000000000000000000e+00 4.686000000000001831e-01 3.144321275969376162e-01
9.000000000000000000e+00 4.686000000000000720e-01 3.051373284755771742e-01
1.000000000000000000e+01 4.686000000000002386e-01 2.965962233708362983e-01
1.099999999999999822e+01 4.686000000000002386e-01 2.886904016458270439e-01
1.200000000000000000e+01 4.686000000000001275e-01 2.813279440407718823e-01
1.300000000000000178e+01 4.686000000000004606e-01 2.744359994666448199e-01
1.400000000000000000e+01 4.686000000000001831e-01 2.679558044145666229e-01
1.499999999999999822e+01 4.686000000000004051e-01 2.618392370155901427e-01
1.600000000000000000e+01 4.686000000000004606e-01 2.560463694277204660e-01
1.700000000000000000e+01 4.686000000000005161e-01 2.505436893470179838e-01
1.800000000000000000e+01 4.686000000000004051e-01 2.453027817789231457e-01
1.900000000000000000e+01 4.686000000000006271e-01 2.402993346814815134e-01
2.000000000000000000e+01 4.686000000000005161e-01 2.355123771363328011e-01
2.100000000000000000e+01 4.686000000000005716e-01 2.309236874812948537e-01
2.199999999999999645e+01 4.686000000000003496e-01 2.265173276845337258e-01
2.300000000000000000e+01 4.686000000000002386e-01 2.222792728531087780e-01
2.400000000000000000e+01 4.686000000000004606e-01 2.181971133813498664e-01
2.500000000000000000e+01 4.686000000000004051e-01 2.142598132301195835e-01
2.600000000000000355e+01 4.686000000000005161e-01 2.104575120568038249e-01
2.700000000000000000e+01 4.686000000000004051e-01 2.067813619480503573e-01
2.800000000000000000e+01 4.686000000000004606e-01 2.032233917117906852e-01
2.900000000000000000e+01 4.686000000000004051e-01 1.997763933063406439e-01
2.999999999999999645e+01 4.686000000000003496e-01 1.964338261940219710e-01
3.100000000000000000e+01 4.686000000000003496e-01 1.931897363146941604e-01
3.200000000000000000e+01 4.686000000000004606e-01 1.900386870667384043e-01
3.300000000000000000e+01 4.686000000000005161e-01 1.869757002130588430e-01
3.400000000000000000e+01 4.686000000000005161e-01 1.839962050404975735e-01
3.500000000000000000e+01 4.686000000000005161e-01 1.810959944215688733e-01
3.600000000000000000e+01 4.686000000000005161e-01 1.782711866790687993e-01
3.700000000000000000e+01 4.686000000000006827e-01 1.755181923537320610e-01
3.800000000000000000e+01 4.686000000000006271e-01 1.728336851346516934e-01
3.900000000000000000e+01 4.686000000000007937e-01 1.702145763392731437e-01
4.000000000000000000e+01 4.686000000000008492e-01 1.676579924330725280e-01
4.100000000000000000e+01 4.686000000000009047e-01 1.651612551630588233e-01
4.200000000000000000e+01 4.686000000000005716e-01 1.627218639468000771e-01
4.300000000000000000e+01 4.686000000000007937e-01 1.603374802156116996e-01
4.399999999999999289e+01 4.686000000000008492e-01 1.580059134559582690e-01
4.500000000000000000e+01 4.686000000000009047e-01 1.557251087319873606e-01
4.600000000000000000e+01 4.686000000000011267e-01 1.534931355038534617e-01
4.700000000000000000e+01 4.686000000000010157e-01 1.513081775826078668e-01
4.800000000000000000e+01 4.686000000000011823e-01 1.491685240855429029e-01
4.900000000000000000e+01 4.686000000000009602e-01 1.470725612742157240e-01
5.000000000000000000e+01 4.686000000000012933e-01 1.450187651732553484e-01
5.100000000000000000e+01 4.686000000000014598e-01 1.430056948814779905e-01
5.200000000000000711e+01 4.686000000000010712e-01 1.410319864989304783e-01
5.300000000000000000e+01 4.686000000000010712e-01 1.390963476024656142e-01
5.400000000000000000e+01 4.686000000000014043e-01 1.371975522111908430e-01
5.500000000000000000e+01 4.686000000000012378e-01 1.353344361904290361e-01
5.600000000000000000e+01 4.686000000000014598e-01 1.335058930491027640e-01
5.700000000000000000e+01 4.686000000000012933e-01 1.317108700903851515e-01
5.800000000000000000e+01 4.686000000000011823e-01 1.299483648805981328e-01
5.900000000000000000e+01 4.686000000000011267e-01 1.282174220051319202e-01
5.999999999999999289e+01 4.686000000000010712e-01 1.265171300838960899e-01
6.100000000000000000e+01 4.686000000000015153e-01 1.248466190212411953e-01
6.200000000000000000e+01 4.686000000000011823e-01 1.232050574690437689e-01
6.300000000000000000e+01 4.686000000000011267e-01 1.215916504829924888e-01
6.400000000000000000e+01 4.686000000000011267e-01 1.200056373547503108e-01
6.500000000000000000e+01 4.686000000000010712e-01 1.184462896043868979e-01
6.600000000000000000e+01 4.686000000000011267e-01 1.169129091187561947e-01
6.700000000000000000e+01 4.686000000000012378e-01 1.154048264236744586e-01
6.800000000000000000e+01 4.686000000000010712e-01 1.139213990781465652e-01
6.900000000000000000e+01 4.686000000000009602e-01 1.124620101803261024e-01
7.000000000000000000e+01 4.686000000000009047e-01 1.110260669763562108e-01
7.100000000000000000e+01 4.686000000000010157e-01 1.096129995633437632e-01
7.200000000000000000e+01 4.686000000000008492e-01 1.082222596790642505e-01
7.300000000000000000e+01 4.686000000000008492e-01 1.068533195714638506e-01
7.400000000000000000e+01 4.686000000000009602e-01 1.055056709417175470e-01
7.500000000000000000e+01 4.686000000000009047e-01 1.041788239550236334e-01
7.600000000000000000e+01 4.686000000000012378e-01 1.028723063143359984e-01
7.700000000000000000e+01 4.686000000000012378e-01 1.015856623918843793e-01
7.800000000000000000e+01 4.686000000000011267e-01 1.003184524143437145e-01
7.900000000000000000e+01 4.686000000000009602e-01 9.907025169781001617e-02
8.000000000000000000e+01 4.686000000000012378e-01 9.784064992885778411e-02
8.100000000000000000e+01 4.686000000000012378e-01 9.662925048843205855e-02
8.200000000000000000e+01 4.686000000000013488e-01 9.543566981543119554e-02
8.300000000000001421e+01 4.686000000000014043e-01 9.425953680734028284e-02
8.400000000000000000e+01 4.686000000000012933e-01 9.310049225532485151e-02
8.500000000000000000e+01 4.686000000000015153e-01 9.195818831142213434e-02
8.600000000000000000e+01 4.686000000000014598e-01 9.083228798565484707e-02
8.700000000000000000e+01 4.686000000000011267e-01 8.972246467098507483e-02
8.799999999999998579e+01 4.686000000000011267e-01 8.862840169439947791e-02
8.900000000000000000e+01 4.686000000000010157e-01 8.754979189244112281e-02
9.000000000000000000e+01 4.686000000000011267e-01 8.648633720951486026e-02
9.100000000000000000e+01 4.686000000000008492e-01 8.543774831733826070e-02
9.200000000000000000e+01 4.686000000000009047e-01 8.440374425479849063e-02
9.299999999999998579e+01 4.686000000000009047e-01 8.338405208618572539e-02
9.400000000000000000e+01 4.686000000000005161e-01 8.237840657718605020e-02
9.500000000000000000e+01 4.686000000000007937e-01 8.138654988735839757e-02
9.600000000000000000e+01 4.686000000000006271e-01 8.040823127811792814e-02
9.700000000000000000e+01 4.686000000000009047e-01 7.944320683531919114e-02
9.800000000000000000e+01 4.686000000000007382e-01 7.849123920553670308e-02
9.900000000000001421e+01 4.686000000000007937e-01 7.755209734521739673e-02
1.000000000000000000e+02 4.686000000000008492e-01 7.662555628212781855e-02
