# Columns: time (years), eccentricity (tides off), eccentricity (tides on)
0.000000000000000000e+00 4.685999999999999055e-01 4.685999999999999055e-01
9.999999999999998863e+02 5.184600545345091627e-01 5.184600550351032844e-01
1.999999999999999773e+03 3.553674599208939688e-01 3.553674604864765496e-01
3.000000000000000000e+03 1.985680820838386096e-01 1.985680826417233480e-01
3.999999999999999545e+03 2.306508149830770182e-01 2.306508186821163431e-01
5.000000000000000000e+03 4.185713295681982582e-01 4.185713349250441695e-01
6.000000000000000000e+03 5.408131574484438264e-01 5.408131585651470008e-01
7.000000000000000000e+03 4.186407855482692231e-01 4.186407806385063490e-01
7.999999999999999091e+03 2.345498124398826267e-01 2.345498095088209001e-01
9.000000000000000000e+03 2.087728465523761567e-01 2.087728503667202196e-01
1.000000000000000000e+04 3.808784784887835895e-01 3.808784883843249758e-01
1.099999999999999818e+04 5.437538917989281906e-01 5.437538952467150244e-01
1.200000000000000000e+04 4.623618030347559360e-01 4.623617957571496406e-01
1.300000000000000000e+04 2.664968820538139438e-01 2.664968768347975581e-01
1.400000000000000000e+04 2.034036734461333595e-01 2.034036765260884005e-01
1.500000000000000000e+04 3.605952407126020165e-01 3.605952555406388704e-01
1.599999999999999818e+04 5.431780613252137346e-01 5.431780663083675131e-01
1.700000000000000000e+04 4.879265048673659955e-01 4.879265012420868630e-01
1.800000000000000000e+04 2.863593399982289900e-01 2.863593302772586835e-01
1.900000000000000000e+04 2.062579121321296005e-01 2.062579187035962491e-01
2.000000000000000000e+04 3.580737759146659371e-01 3.580737892976388892e-01
2.100000000000000000e+04 5.485734737673785277e-01 5.485734875634097341e-01
2.199999999999999636e+04 4.974933036596810298e-01 4.974932955092605802e-01
2.300000000000000000e+04 2.911418679995215752e-01 2.911418511858470670e-01
2.400000000000000000e+04 2.135868714509052968e-01 2.135868783374357260e-01
2.500000000000000000e+04 3.737658504682068172e-01 3.737658682395368914e-01
2.600000000000000000e+04 5.622140711038060568e-01 5.622140902686240116e-01
2.700000000000000000e+04 4.908026707068315897e-01 4.908026424771992913e-01
2.800000000000000000e+04 2.810552780879089774e-01 2.810552700062542986e-01
2.900000000000000364e+04 2.269235143830414803e-01 2.269235230110326074e-01
3.000000000000000000e+04 4.084951901670417218e-01 4.084952273906264919e-01
3.100000000000000000e+04 5.791759335878448045e-01 5.791759278935832977e-01
3.199999999999999636e+04 4.649938159919480563e-01 4.649937777215829571e-01
3.300000000000000000e+04 2.595998000951502682e-01 2.595997911828611393e-01
3.400000000000000000e+04 2.532396280093596186e-01 2.532396502942536598e-01
3.500000000000000000e+04 4.626573105536789243e-01 4.626573418924034287e-01
3.600000000000000000e+04 5.872938971150519771e-01 5.872938676741710218e-01
3.700000000000000000e+04 4.179145271033470888e-01 4.179145030818730011e-01
3.800000000000000000e+04 2.360483984705224192e-01 2.360483820548016365e-01
3.900000000000000000e+04 3.030178692389520756e-01 3.030179198467051194e-01
4.000000000000000000e+04 5.306180874368549016e-01 5.306181062744705912e-01
4.100000000000000000e+04 5.675520469171528859e-01 5.675520284740691590e-01
4.200000000000000000e+04 3.521973618929535310e-01 3.521973353431102627e-01
4.300000000000000000e+04 2.300723070274876547e-01 2.300723055241161996e-01
4.399999999999999272e+04 3.839707143366259401e-01 3.839707639857601884e-01
4.500000000000000000e+04 5.913072047399419162e-01 5.913072178376659327e-01
4.600000000000000000e+04 5.043190695300734383e-01 5.043190794681897682e-01
4.700000000000000000e+04 2.814923445899568666e-01 2.814923058827688562e-01
4.800000000000000000e+04 2.693236316797621432e-01 2.693236783068224671e-01
4.900000000000000000e+04 4.928124485890612028e-01 4.928124786063618479e-01
5.000000000000000000e+04 6.027907467960749166e-01 6.027907841707356162e-01
5.100000000000000728e+04 4.016734158508910579e-01 4.016733838096144815e-01
5.200000000000000000e+04 2.400225668208524898e-01 2.400225713757005996e-01
5.300000000000000000e+04 3.682583955182883173e-01 3.682584172394972599e-01
5.400000000000000000e+04 5.955400424506530621e-01 5.955400444835169393e-01
5.500000000000000000e+04 5.276328574972927177e-01 5.276328377799057723e-01
5.600000000000000000e+04 2.942640049998894169e-01 2.942639528880950373e-01
5.699999999999999272e+04 2.794923902266687743e-01 2.794924435437375898e-01
5.800000000000000728e+04 5.127390507857392254e-01 5.127390604333179613e-01
5.900000000000000000e+04 6.098296803521361387e-01 6.098296913381016093e-01
6.000000000000000000e+04 3.892757233257814753e-01 3.892756274259363547e-01
6.100000000000000000e+04 2.477242096836770047e-01 2.477242563430629707e-01
6.200000000000000000e+04 4.140120099952948052e-01 4.140120556921090267e-01
6.300000000000000000e+04 6.241383683980676889e-01 6.241384249262462713e-01
6.399999999999999272e+04 4.899173626032519158e-01 4.899172855440794283e-01
6.500000000000000728e+04 2.697378104713891722e-01 2.697377478922462490e-01
6.600000000000000000e+04 3.337159499486733183e-01 3.337160257388047113e-01
6.700000000000000000e+04 5.845078576753597321e-01 5.845079439863692938e-01
6.800000000000000000e+04 5.724832951163779660e-01 5.724833413180364650e-01
6.900000000000000000e+04 3.233841787896122311e-01 3.233840895070149157e-01
7.000000000000000000e+04 2.826213384324137157e-01 2.826214167439962677e-01
7.100000000000000000e+04 5.212896299595756178e-01 5.212896954107708591e-01
7.200000000000000000e+04 6.236606403477471527e-01 6.236607008686256837e-01
7.300000000000000000e+04 3.881802382284054720e-01 3.881801636505270992e-01
7.400000000000000000e+04 2.606654036655295381e-01 2.606654560297110290e-01
7.500000000000000000e+04 4.571931026894271444e-01 4.571931014451446340e-01
7.600000000000000000e+04 6.428089956898832558e-01 6.428089336023870004e-01
7.700000000000000000e+04 4.522100174369966252e-01 4.522099472714444235e-01
7.800000000000000000e+04 2.620447423491740202e-01 2.620447348156344503e-01
7.900000000000000000e+04 4.022250035379090205e-01 4.022250750775727135e-01
8.000000000000000000e+04 6.373353135969797023e-01 6.373352519607831113e-01
8.100000000000000000e+04 5.091299106876893132e-01 5.091298485136510621e-01
8.200000000000000000e+04 2.785228496474816406e-01 2.785227543263611438e-01
8.300000000000000000e+04 3.584456922724280070e-01 3.584458935041638372e-01
8.400000000000000000e+04 6.166143132548030925e-01 6.166143211981296446e-01
8.500000000000000000e+04 5.562047132916156933e-01 5.562046596512535412e-01
8.600000000000000000e+04 3.030272616569883448e-01 3.030271300363111542e-01
8.699999999999998545e+04 3.251769249930244743e-01 3.251770500996677971e-01
8.799999999999998545e+04 5.880121605125701034e-01 5.880122433575758478e-01
8.900000000000001455e+04 5.930596244616572754e-01 5.930595585507573153e-01
9.000000000000000000e+04 3.310768000181292248e-01 3.310768104200907946e-01
9.100000000000000000e+04 3.007046990141383214e-01 3.007047347114337743e-01
9.200000000000000000e+04 5.557044688010313038e-01 5.557046169692589910e-01
9.300000000000000000e+04 6.205256771648223202e-01 6.205255229389557980e-01
9.400000000000000000e+04 3.608255380467497719e-01 3.608255174680095601e-01
9.500000000000000000e+04 2.831044942211117799e-01 2.831044999218167435e-01
9.600000000000000000e+04 5.212870439824507374e-01 5.212872547011750957e-01
9.700000000000000000e+04 6.395908926602268396e-01 6.395906337111635365e-01
9.800000000000000000e+04 3.926809030530556410e-01 3.926807030595240722e-01
9.900000000000000000e+04 2.712523782045455634e-01 2.712523820312708334e-01
1.000000000000000000e+05 4.848043162517545190e-01 4.848045808858006955e-01
