# Columns: time (years), eccentricity (tides off), eccentricity (tides on)
0.000000000000000000e+00 4.685999999999999055e-01 4.685999999999999055e-01
1.000000000000000000e+01 4.686000000000002386e-01 2.965962233469265907e-01
2.000000000000000000e+01 4.686000000000002386e-01 2.355123771179312153e-01
2.999999999999999645e+01 4.686000000000009047e-01 1.964338261789758955e-01
4.000000000000000000e+01 4.686000000000009047e-01 1.676579924203465966e-01
5.000000000000000000e+01 4.686000000000015153e-01 1.450187651621724916e-01
5.999999999999999289e+01 4.686000000000015708e-01 1.265171300740699778e-01
7.000000000000000000e+01 4.686000000000017374e-01 1.110260669675886686e-01
8.000000000000000000e+01 4.686000000000020149e-01 9.784064992103204406e-02
9.000000000000000000e+01 4.686000000000019594e-01 8.648633720250432921e-02
1.000000000000000000e+02 4.686000000000026811e-01 7.662555627574843542e-02
1.100000000000000000e+02 4.686000000000020149e-01 6.800761214297848523e-02
1.199999999999999858e+02 4.686000000000017374e-01 6.043981763189505696e-02
1.300000000000000000e+02 4.686000000000018484e-01 5.376988641342921732e-02
1.400000000000000000e+02 4.686000000000019594e-01 4.787469129046689753e-02
1.500000000000000000e+02 4.686000000000022925e-01 4.265280677278211752e-02
1.600000000000000000e+02 4.686000000000027921e-01 3.801939711837819952e-02
1.700000000000000000e+02 4.686000000000026811e-01 3.390260965564038248e-02
1.800000000000000000e+02 4.686000000000027921e-01 3.024096335996235424e-02
1.900000000000000000e+02 4.686000000000029586e-01 2.698141276585874077e-02
2.000000000000000000e+02 4.686000000000032917e-01 2.407788085534532177e-02
2.100000000000000000e+02 4.686000000000027921e-01 2.149012456410489755e-02
2.200000000000000000e+02 4.686000000000029031e-01 1.918284088606155013e-02
2.300000000000000284e+02 4.686000000000032917e-01 1.712495029659345455e-02
2.399999999999999716e+02 4.686000000000031807e-01 1.528901323540236834e-02
2.499999999999999716e+02 4.686000000000031251e-01 1.365074819223654166e-02
2.600000000000000000e+02 4.686000000000034027e-01 1.218862869825088763e-02
2.700000000000000000e+02 4.686000000000032362e-01 1.088354260011477857e-02
2.800000000000000000e+02 4.686000000000036803e-01 9.718501262465617865e-03
2.900000000000000000e+02 4.686000000000035692e-01 8.678389379666572381e-03
3.000000000000000000e+02 4.686000000000036803e-01 7.749748261805169437e-03
3.100000000000000000e+02 4.686000000000036803e-01 6.920587051069387180e-03
3.200000000000000000e+02 4.686000000000038468e-01 6.180217495520550809e-03
3.299999999999999432e+02 4.686000000000036247e-01 5.519108781713094429e-03
3.400000000000000000e+02 4.686000000000039578e-01 4.928759587629919121e-03
3.499999999999999432e+02 4.686000000000038468e-01 4.401585023071980483e-03
3.600000000000000000e+02 4.686000000000040688e-01 3.930816517626557240e-03
3.700000000000000000e+02 4.686000000000041243e-01 3.510413022596904371e-03
3.800000000000000000e+02 4.686000000000040688e-01 3.134982142685580932e-03
3.900000000000000000e+02 4.686000000000044019e-01 2.799710009350211536e-03
4.000000000000000000e+02 4.686000000000049015e-01 2.500298873029371208e-03
4.100000000000000000e+02 4.686000000000049015e-01 2.232911525312549286e-03
4.200000000000000000e+02 4.686000000000054011e-01 1.994121775004770170e-03
4.300000000000000000e+02 4.686000000000050125e-01 1.780870300040469402e-03
4.400000000000000000e+02 4.686000000000059562e-01 1.590425276060260500e-03
4.500000000000000000e+02 4.686000000000059562e-01 1.420347255832545875e-03
4.600000000000000568e+02 4.686000000000065113e-01 1.268457832897394028e-03
4.700000000000000000e+02 4.686000000000065668e-01 1.132811676114301542e-03
4.799999999999999432e+02 4.686000000000067334e-01 1.011671569931832642e-03
4.900000000000000000e+02 4.686000000000066779e-01 9.034861335536132666e-04
4.999999999999999432e+02 4.686000000000071219e-01 8.068699301144189586e-04
5.100000000000000000e+02 4.686000000000073440e-01 7.205857086643426349e-04
5.200000000000000000e+02 4.686000000000073440e-01 6.435285479336073228e-04
5.300000000000000000e+02 4.686000000000073440e-01 5.747116993886034484e-04
5.400000000000000000e+02 4.686000000000070109e-01 5.132539452649618724e-04
5.500000000000000000e+02 4.686000000000071219e-01 4.583683103745582617e-04
5.600000000000000000e+02 4.686000000000064558e-01 4.093519816424431314e-04
5.700000000000000000e+02 4.686000000000065113e-01 3.655773064473844089e-04
5.800000000000000000e+02 4.686000000000059562e-01 3.264837540700948025e-04
5.900000000000000000e+02 4.686000000000067889e-01 2.915707370022260683e-04
6.000000000000000000e+02 4.686000000000063448e-01 2.603912002205716297e-04
6.100000000000000000e+02 4.686000000000060672e-01 2.325458962847158694e-04
6.200000000000000000e+02 4.686000000000064003e-01 2.076782725024054193e-04
6.300000000000000000e+02 4.686000000000066779e-01 1.854699053218385012e-04
6.400000000000000000e+02 4.686000000000068999e-01 1.656364224678437869e-04
6.500000000000000000e+02 4.686000000000068444e-01 1.479238618838323157e-04
6.599999999999998863e+02 4.686000000000078991e-01 1.321054192771070482e-04
6.700000000000000000e+02 4.686000000000076771e-01 1.179785442124787120e-04
6.800000000000000000e+02 4.686000000000072330e-01 1.053623464066812788e-04
6.900000000000000000e+02 4.686000000000072885e-01 9.409527933336776946e-05
6.999999999999998863e+02 4.686000000000072330e-01 8.403307172008779504e-05
7.100000000000000000e+02 4.686000000000078436e-01 7.504688021224014435e-05
7.200000000000000000e+02 4.686000000000082322e-01 6.702163955276774047e-05
7.300000000000000000e+02 4.686000000000081767e-01 5.985458902624507641e-05
7.400000000000000000e+02 4.686000000000078991e-01 5.345395686282688601e-05
7.500000000000000000e+02 4.686000000000083432e-01 4.773778505722655002e-05
7.600000000000000000e+02 4.686000000000079546e-01 4.263287995226407081e-05
7.700000000000001137e+02 4.686000000000084542e-01 3.807387480763847184e-05
7.800000000000000000e+02 4.686000000000087873e-01 3.400239311541516349e-05
7.900000000000000000e+02 4.686000000000091203e-01 3.036630085984475523e-05
8.000000000000000000e+02 4.686000000000092314e-01 2.711903909372299866e-05
8.099999999999998863e+02 4.686000000000097310e-01 2.421902770365651737e-05
8.200000000000000000e+02 4.686000000000093979e-01 2.162913300717517163e-05
8.300000000000000000e+02 4.686000000000093979e-01 1.931619221674464991e-05
8.400000000000000000e+02 4.686000000000096755e-01 1.725058891035117505e-05
8.499999999999998863e+02 4.686000000000095644e-01 1.540587366561008123e-05
8.600000000000000000e+02 4.686000000000094534e-01 1.375842562711242685e-05
8.700000000000000000e+02 4.686000000000093979e-01 1.228714962125272918e-05
8.800000000000000000e+02 4.686000000000092869e-01 1.097320658567881039e-05
8.900000000000000000e+02 4.686000000000100085e-01 9.799771833001768144e-06
9.000000000000000000e+02 4.686000000000098420e-01 8.751819813687447265e-06
9.100000000000000000e+02 4.686000000000100085e-01 7.815932069641424345e-06
9.200000000000001137e+02 4.686000000000108967e-01 6.980124701810896845e-06
9.300000000000000000e+02 4.686000000000109522e-01 6.233695572654660495e-06
9.400000000000000000e+02 4.686000000000113408e-01 5.567086836358896886e-06
9.500000000000000000e+02 4.686000000000111743e-01 4.971762873189196546e-06
9.599999999999998863e+02 4.686000000000110632e-01 4.440100594632091870e-06
9.700000000000000000e+02 4.686000000000115073e-01 3.965292438517938475e-06
9.800000000000000000e+02 4.686000000000114518e-01 3.541258493860099675e-06
9.900000000000000000e+02 4.686000000000107857e-01 3.162569187514675580e-06
9.999999999999998863e+02 4.686000000000111188e-01 2.824375485737287040e-06
