# Columns: time (years), eccentricity (tides off), eccentricity (tides on)
0.000000000000000000e+00 4.685999999999999055e-01 4.685999999999999055e-01
1.000000000000000000e+01 4.702362591255888069e-01 4.702362591272363224e-01
2.000000000000000000e+01 4.716855673913958880e-01 4.716855673904150614e-01
2.999999999999999645e+01 4.731759601463788045e-01 4.731759601562015582e-01
4.000000000000000000e+01 4.748356788173354603e-01 4.748356788367351644e-01
5.000000000000000000e+01 4.766819694792967521e-01 4.766819694959029130e-01
5.999999999999999289e+01 4.780823587363260407e-01 4.780823587523488349e-01
7.000000000000000000e+01 4.794262742715543202e-01 4.794262742973877667e-01
8.000000000000000000e+01 4.812549372925313262e-01 4.812549373293659727e-01
9.000000000000000000e+01 4.827898448526551367e-01 4.827898448944995535e-01
1.000000000000000000e+02 4.841286490653861629e-01 4.841286491030472594e-01
1.100000000000000000e+02 4.853808747865637763e-01 4.853808748345372348e-01
1.199999999999999858e+02 4.869580360540853303e-01 4.869580361103548194e-01
1.300000000000000000e+02 4.886938989466570460e-01 4.886938990020583407e-01
1.400000000000000000e+02 4.900294340755308453e-01 4.900294341323880309e-01
1.500000000000000000e+02 4.911358350525568128e-01 4.911358351179757609e-01
1.600000000000000000e+02 4.927387181509924052e-01 4.927387182287181200e-01
1.700000000000000000e+02 4.942033537586362213e-01 4.942033538394622338e-01
1.800000000000000000e+02 4.954189722960350428e-01 4.954189723734597206e-01
1.900000000000000000e+02 4.965501760670867348e-01 4.965501761545211834e-01
2.000000000000000000e+02 4.978443773849244303e-01 4.978443774817158940e-01
2.100000000000000000e+02 4.994647930710314765e-01 4.994647931686322928e-01
2.200000000000000000e+02 5.006869553576819287e-01 5.006869554550718027e-01
2.300000000000000284e+02 5.016303828466847081e-01 5.016303829532390290e-01
2.399999999999999716e+02 5.030280555388060293e-01 5.030280556582679141e-01
2.499999999999999716e+02 5.042496377759865256e-01 5.042496378994136830e-01
2.600000000000000000e+02 5.053684545197848488e-01 5.053684546398329314e-01
2.700000000000000000e+02 5.062939389548022362e-01 5.062939390815355267e-01
2.800000000000000000e+02 5.074707560987999910e-01 5.074707562378082404e-01
2.900000000000000000e+02 5.089092877214597133e-01 5.089092878629932759e-01
3.000000000000000000e+02 5.099171322721970379e-01 5.099171324145600481e-01
3.100000000000000000e+02 5.106771793868892795e-01 5.106771795353267640e-01
3.200000000000000000e+02 5.118546192218137447e-01 5.118546193821076340e-01
3.299999999999999432e+02 5.129469753204957128e-01 5.129469754878456245e-01
3.400000000000000000e+02 5.139111417713797536e-01 5.139111419361832578e-01
3.499999999999999432e+02 5.145839441151905946e-01 5.145839442865206559e-01
3.600000000000000000e+02 5.155735189484716985e-01 5.155735191288959296e-01
3.700000000000000000e+02 5.168399629819432350e-01 5.168399631670870242e-01
3.800000000000000000e+02 5.177215718729879512e-01 5.177215720617309724e-01
3.900000000000000000e+02 5.182335989354579509e-01 5.182335991291415755e-01
4.000000000000000000e+02 5.191047048076836701e-01 5.191047050119167450e-01
4.100000000000000000e+02 5.200768236072635942e-01 5.200768238167319257e-01
4.200000000000000000e+02 5.208760036395552184e-01 5.208760038489754773e-01
4.300000000000000000e+02 5.214221282122363244e-01 5.214221284285763813e-01
4.400000000000000000e+02 5.220743051078086117e-01 5.220743053331564631e-01
4.500000000000000000e+02 5.231327969646916154e-01 5.231327971949946143e-01
4.600000000000000568e+02 5.238534345342445997e-01 5.238534347669201452e-01
4.700000000000000000e+02 5.241780523336705411e-01 5.241780525714335726e-01
4.799999999999999432e+02 5.248081586038507718e-01 5.248081588514281748e-01
4.900000000000000000e+02 5.254910629696325497e-01 5.254910632232847600e-01
4.999999999999999432e+02 5.261440554863153762e-01 5.261440557413999963e-01
5.100000000000000000e+02 5.264853283017408847e-01 5.264853285622729251e-01
5.200000000000000000e+02 5.269465468360342575e-01 5.269465471049216143e-01
5.300000000000000000e+02 5.277634748150881183e-01 5.277634750900755956e-01
5.400000000000000000e+02 5.282262257980137043e-01 5.282262260764800654e-01
5.500000000000000000e+02 5.283496950095343259e-01 5.283496952923473211e-01
5.600000000000000000e+02 5.287080588568248141e-01 5.287080591452903988e-01
5.700000000000000000e+02 5.292450129249608448e-01 5.292450132221988568e-01
5.800000000000000000e+02 5.297077650245434199e-01 5.297077653253531304e-01
5.900000000000000000e+02 5.297900774226709242e-01 5.297900777302162467e-01
6.000000000000000000e+02 5.300004562638211958e-01 5.300004565749676377e-01
6.100000000000000000e+02 5.305959863188792758e-01 5.305959866357556898e-01
6.200000000000000000e+02 5.308906713698615665e-01 5.308906716919649105e-01
6.300000000000000000e+02 5.307869675387574260e-01 5.307869678664276503e-01
6.400000000000000000e+02 5.308018293303516932e-01 5.308018296614168685e-01
6.500000000000000000e+02 5.311781659696407365e-01 5.311781663071691861e-01
6.599999999999998863e+02 5.314438223560106200e-01 5.314438226996488490e-01
6.700000000000000000e+02 5.314136189685120248e-01 5.314136193206969727e-01
6.800000000000000000e+02 5.312655462868822731e-01 5.312655466414383243e-01
6.900000000000000000e+02 5.315851555101757109e-01 5.315851558680972921e-01
6.999999999999998863e+02 5.317044467057467916e-01 5.317044470683859325e-01
7.100000000000000000e+02 5.314071752631274181e-01 5.314071756324603157e-01
7.200000000000000000e+02 5.312075516952606824e-01 5.312075520688092078e-01
7.300000000000000000e+02 5.312584655420119484e-01 5.312584659205874527e-01
7.400000000000000000e+02 5.313461901945424337e-01 5.313461905807993491e-01
7.500000000000000000e+02 5.311147157136060226e-01 5.311147161077398593e-01
7.600000000000000000e+02 5.307492174963925891e-01 5.307492178909009040e-01
7.700000000000001137e+02 5.308064747152485552e-01 5.308064751114133228e-01
7.800000000000000000e+02 5.306502553521980081e-01 5.306502557543435472e-01
7.900000000000000000e+02 5.301659817035265787e-01 5.301659821141500029e-01
8.000000000000000000e+02 5.296984361809689013e-01 5.296984365925909710e-01
8.099999999999998863e+02 5.295883055265792061e-01 5.295883059431455431e-01
8.200000000000000000e+02 5.294704816187290053e-01 5.294704820443285609e-01
8.300000000000000000e+02 5.289878028972480051e-01 5.289878033333186291e-01
8.400000000000000000e+02 5.283655394929975824e-01 5.283655399245257289e-01
8.499999999999998863e+02 5.281717052855977590e-01 5.281717057148923589e-01
8.600000000000000000e+02 5.278595026618863040e-01 5.278595030998821658e-01
8.700000000000000000e+02 5.271798136532667156e-01 5.271798141029833129e-01
8.800000000000000000e+02 5.264002836151068232e-01 5.264002840673628336e-01
8.900000000000000000e+02 5.260925757573260420e-01 5.260925762066410716e-01
9.000000000000000000e+02 5.257768624469295604e-01 5.257768629073272804e-01
9.100000000000000000e+02 5.251853925948229973e-01 5.251853930651835256e-01
9.200000000000001137e+02 5.242488770879211168e-01 5.242488775558984404e-01
9.300000000000000000e+02 5.237543341063167768e-01 5.237543345660334859e-01
9.400000000000000000e+02 5.232824951658183732e-01 5.232824956340947908e-01
9.500000000000000000e+02 5.224287920286025955e-01 5.224287925116120057e-01
9.599999999999998863e+02 5.215137723227167843e-01 5.215137728118739435e-01
9.700000000000000000e+02 5.208611831724815344e-01 5.208611836546119811e-01
9.800000000000000000e+02 5.203582441556262594e-01 5.203582446475660817e-01
9.900000000000000000e+02 5.195775830624784764e-01 5.195775835649037999e-01
9.999999999999998863e+02 5.184600545345091627e-01 5.184600550330673574e-01
