# Columns: time (years), eccentricity (tides off), eccentricity (tides on)
0.000000000000000000e+00 4.685999999999999055e-01 4.685999999999999055e-01
1.000000000000000000e+00 4.685999999999999055e-01 4.685491469766574490e-01
2.000000000000000000e+00 4.685999999999997390e-01 4.684983254473077396e-01
3.000000000000000000e+00 4.686000000000000165e-01 4.684475353699243394e-01
4.000000000000000000e+00 4.686000000000000720e-01 4.683967767026138707e-01
5.000000000000000000e+00 4.685999999999997945e-01 4.683460494035511790e-01
6.000000000000000000e+00 4.685999999999999055e-01 4.682953534309781674e-01
7.000000000000000000e+00 4.685999999999999055e-01 4.682446887432425431e-01
8.000000000000000000e+00 4.686000000000001831e-01 4.681940552987861048e-01
9.000000000000000000e+00 4.686000000000000720e-01 4.681434530561243146e-01
1.000000000000000000e+01 4.686000000000002386e-01 4.680928819738149893e-01
1.099999999999999822e+01 4.686000000000002386e-01 4.680423420105725429e-01
1.200000000000000000e+01 4.686000000000001275e-01 4.679918331251229358e-01
1.300000000000000178e+01 4.686000000000004606e-01 4.679413552763611039e-01
1.400000000000000000e+01 4.686000000000001831e-01 4.678909084231969717e-01
1.499999999999999822e+01 4.686000000000004051e-01 4.678404925246487100e-01
1.600000000000000000e+01 4.686000000000004606e-01 4.677901075398276376e-01
1.700000000000000000e+01 4.686000000000005161e-01 4.677397534278947555e-01
1.800000000000000000e+01 4.686000000000004051e-01 4.676894301481293037e-01
1.900000000000000000e+01 4.686000000000006271e-01 4.676391376599077776e-01
2.000000000000000000e+01 4.686000000000005161e-01 4.675888759225975688e-01
2.100000000000000000e+01 4.686000000000005716e-01 4.675386448957344898e-01
2.199999999999999645e+01 4.686000000000003496e-01 4.674884445389557719e-01
2.300000000000000000e+01 4.686000000000002386e-01 4.674382748118740549e-01
2.400000000000000000e+01 4.686000000000004606e-01 4.673881356742933257e-01
2.500000000000000000e+01 4.686000000000004051e-01 4.673380270860292840e-01
2.600000000000000355e+01 4.686000000000005161e-01 4.672879490070184771e-01
2.700000000000000000e+01 4.686000000000004051e-01 4.672379013972405848e-01
2.800000000000000000e+01 4.686000000000004606e-01 4.671878842167943580e-01
2.900000000000000000e+01 4.686000000000004051e-01 4.671378974258357242e-01
2.999999999999999645e+01 4.686000000000003496e-01 4.670879409845729024e-01
3.100000000000000000e+01 4.686000000000003496e-01 4.670380148533743725e-01
3.200000000000000000e+01 4.686000000000004606e-01 4.669881189925961240e-01
3.300000000000000000e+01 4.686000000000005161e-01 4.669382533627717824e-01
3.400000000000000000e+01 4.686000000000005161e-01 4.668884179243709132e-01
3.500000000000000000e+01 4.686000000000005161e-01 4.668386126381082746e-01
3.600000000000000000e+01 4.686000000000005161e-01 4.667888374646942951e-01
3.700000000000000000e+01 4.686000000000006827e-01 4.667390923649094581e-01
3.800000000000000000e+01 4.686000000000006271e-01 4.666893772995961420e-01
3.900000000000000000e+01 4.686000000000007937e-01 4.666396922297644245e-01
4.000000000000000000e+01 4.686000000000008492e-01 4.665900371164336535e-01
4.100000000000000000e+01 4.686000000000009047e-01 4.665404119206801870e-01
4.200000000000000000e+01 4.686000000000005716e-01 4.664908166037373682e-01
4.300000000000000000e+01 4.686000000000007937e-01 4.664412511268339334e-01
4.399999999999999289e+01 4.686000000000008492e-01 4.663917154512947638e-01
4.500000000000000000e+01 4.686000000000009047e-01 4.663422095385487687e-01
4.600000000000000000e+01 4.686000000000011267e-01 4.662927333501156735e-01
4.700000000000000000e+01 4.686000000000010157e-01 4.662432868475343550e-01
4.800000000000000000e+01 4.686000000000011823e-01 4.661938699924653706e-01
4.900000000000000000e+01 4.686000000000009602e-01 4.661444827466371121e-01
5.000000000000000000e+01 4.686000000000012933e-01 4.660951250718220473e-01
5.100000000000000000e+01 4.686000000000014598e-01 4.660457969299128811e-01
5.200000000000000711e+01 4.686000000000010712e-01 4.659964982828336266e-01
5.300000000000000000e+01 4.686000000000010712e-01 4.659472290926446880e-01
5.400000000000000000e+01 4.686000000000014043e-01 4.658979893214215129e-01
5.500000000000000000e+01 4.686000000000012378e-01 4.658487789313402461e-01
5.600000000000000000e+01 4.686000000000014598e-01 4.657995978846474761e-01
5.700000000000000000e+01 4.686000000000012933e-01 4.657504461436615673e-01
5.800000000000000000e+01 4.686000000000011823e-01 4.657013236708043014e-01
5.900000000000000000e+01 4.686000000000011267e-01 4.656522304285540259e-01
5.999999999999999289e+01 4.686000000000010712e-01 4.656031663794357178e-01
6.100000000000000000e+01 4.686000000000015153e-01 4.655541314860505708e-01
6.200000000000000000e+01 4.686000000000011823e-01 4.655051257111307850e-01
6.300000000000000000e+01 4.686000000000011267e-01 4.654561490174668470e-01
6.400000000000000000e+01 4.686000000000011267e-01 4.654072013678051123e-01
6.500000000000000000e+01 4.686000000000010712e-01 4.653582827251304677e-01
6.600000000000000000e+01 4.686000000000011267e-01 4.653093930523949373e-01
6.700000000000000000e+01 4.686000000000012378e-01 4.652605323126730030e-01
6.800000000000000000e+01 4.686000000000010712e-01 4.652117004690480284e-01
6.900000000000000000e+01 4.686000000000009602e-01 4.651628974847979436e-01
7.000000000000000000e+01 4.686000000000009047e-01 4.651141233231876893e-01
7.100000000000000000e+01 4.686000000000010157e-01 4.650653779475300009e-01
7.200000000000000000e+01 4.686000000000008492e-01 4.650166613212390332e-01
7.300000000000000000e+01 4.686000000000008492e-01 4.649679734078320248e-01
7.400000000000000000e+01 4.686000000000009602e-01 4.649193141708404253e-01
7.500000000000000000e+01 4.686000000000009047e-01 4.648706835739163101e-01
7.600000000000000000e+01 4.686000000000012378e-01 4.648220815807371786e-01
7.700000000000000000e+01 4.686000000000012378e-01 4.647735081550871672e-01
7.800000000000000000e+01 4.686000000000011267e-01 4.647249632608040359e-01
7.900000000000000000e+01 4.686000000000009602e-01 4.646764468618101440e-01
8.000000000000000000e+01 4.686000000000012378e-01 4.646279589220932982e-01
8.100000000000000000e+01 4.686000000000012378e-01 4.645794994057020899e-01
8.200000000000000000e+01 4.686000000000013488e-01 4.645310682767839205e-01
8.300000000000001421e+01 4.686000000000014043e-01 4.644826654994804738e-01
8.400000000000000000e+01 4.686000000000012933e-01 4.644342910380907519e-01
8.500000000000000000e+01 4.686000000000015153e-01 4.643859448569273574e-01
8.600000000000000000e+01 4.686000000000014598e-01 4.643376269203879914e-01
8.700000000000000000e+01 4.686000000000011267e-01 4.642893371929339708e-01
8.799999999999998579e+01 4.686000000000011267e-01 4.642410756391531779e-01
8.900000000000000000e+01 4.686000000000010157e-01 4.641928422236077934e-01
9.000000000000000000e+01 4.686000000000011267e-01 4.641446369109857861e-01
9.100000000000000000e+01 4.686000000000008492e-01 4.640964596660049901e-01
9.200000000000000000e+01 4.686000000000009047e-01 4.640483104535058079e-01
9.299999999999998579e+01 4.686000000000009047e-01 4.640001892383545101e-01
9.400000000000000000e+01 4.686000000000005161e-01 4.639520959854383508e-01
9.500000000000000000e+01 4.686000000000007937e-01 4.639040306598552488e-01
9.600000000000000000e+01 4.686000000000006271e-01 4.638559932266564378e-01
9.700000000000000000e+01 4.686000000000009047e-01 4.638079836509784726e-01
9.800000000000000000e+01 4.686000000000007382e-01 4.637600018980482797e-01
9.900000000000001421e+01 4.686000000000007937e-01 4.637120479331613421e-01
1.000000000000000000e+02 4.686000000000008492e-01 4.636641217216239119e-01
