# 3-body simulation of HD 147018 b with GR. Columns: time(years),a1,e1,inc1,inc2,Omega1,Omega2,pomega1,pomega2
0.000000000000000000e+00 2.388999999999999735e-01 4.685999999999999055e-01 6.215925379262555728e-01 5.908587035153257949e-02 0.000000000000000000e+00 3.141592653589793116e+00 1.152011554095865087e+00 5.530337534331832394e+00
1.313131313131313149e+01 2.388949112407798003e-01 4.706333614741515792e-01 6.199104363624047265e-01 5.908587035153257949e-02 -1.152040598190319336e-02 3.141592653589793116e+00 1.148842392237633625e+00 5.530338134149987539e+00
2.626262626262626299e+01 2.388980153424030139e-01 4.726997091826664055e-01 6.185585083962785724e-01 5.908587035153257949e-02 -2.242887055760644718e-02 3.141592653589793116e+00 1.144380622750997833e+00 5.530338590054429737e+00
3.939393939393939092e+01 2.389051399335876957e-01 4.747428340608798591e-01 6.169000085467331029e-01 5.908587035153257949e-02 -3.448150228611869539e-02 3.141592653589793116e+00 1.140868951804934861e+00 5.530338930691240051e+00
5.252525252525252597e+01 2.388981542331749808e-01 4.770752380831380091e-01 6.154190161842647555e-01 5.908587035153257949e-02 -4.603384839159140735e-02 3.141592653589793116e+00 1.136388710941017566e+00 5.530339279191506918e+00
6.565656565656566102e+01 2.388933360997398669e-01 4.788703784824295817e-01 6.138443662463543005e-01 5.908587035153257949e-02 -5.808670192706669178e-02 3.141592653589793116e+00 1.132863596605933942e+00 5.530339848296329741e+00
7.878787878787878185e+01 2.388963824464749308e-01 4.809851792948403593e-01 6.124973746968271904e-01 5.908587035153257949e-02 -6.931903509855552592e-02 3.141592653589793116e+00 1.128396518793706615e+00 5.530340341486201794e+00
9.191919191919190268e+01 2.389038407090320337e-01 4.827867383888198027e-01 6.109520181306922204e-01 5.908587035153069905e-02 -8.183453829475202668e-02 3.141592653589793116e+00 1.124698980993714459e+00 5.530340683150097192e+00
1.050505050505050519e+02 2.388998411320460147e-01 4.850673484983791250e-01 6.094894474997629708e-01 5.908587035153445993e-02 -9.389670179047647502e-02 3.141592653589793116e+00 1.120259376828304898e+00 5.530341027166096879e+00
1.181818181818181870e+02 2.388922509283394335e-01 4.866564669495734297e-01 6.080585601455517075e-01 5.908587035153257949e-02 -1.064025807290164133e-01 3.141592653589793116e+00 1.116303598591408486e+00 5.530341559511708027e+00
1.313131313131313220e+02 2.388956544075437338e-01 4.887819458843740694e-01 6.067117424342219900e-01 5.908587035153257949e-02 -1.180611870910552308e-01 3.141592653589793116e+00 1.111937419306022079e+00 5.530342091591032627e+00
1.444444444444444571e+02 2.389019373344718478e-01 4.903406949950066540e-01 6.053094256682176599e-01 5.908587035153257949e-02 -1.309753740013704093e-01 3.141592653589793116e+00 1.108014895188181415e+00 5.530342435584561400e+00
1.575757575757575637e+02 2.389013307837543620e-01 4.925246069227968704e-01 6.038890554963840529e-01 5.908587035153445993e-02 -1.435885206753119980e-01 3.141592653589793116e+00 1.103627572890097941e+00 5.530342777259261489e+00
1.707070707070706987e+02 2.388918551242153188e-01 4.939640621474029603e-01 6.026185028864634585e-01 5.908587035153257949e-02 -1.564641545104451803e-01 3.141592653589793116e+00 1.099240377631683696e+00 5.530343270716558735e+00
1.838383838383838054e+02 2.388960278284844030e-01 4.960355428238891196e-01 6.012896974879305967e-01 5.908587035153257949e-02 -1.686480701095590673e-01 3.141592653589793116e+00 1.095033252123014389e+00 5.530343839583473198e+00
1.969696969696969688e+02 2.389048333130550372e-01 4.973738041735000781e-01 6.000562342701937224e-01 5.908587035153445993e-02 -1.818887260199313904e-01 3.141592653589793116e+00 1.090852604381816526e+00 5.530344188043091691e+00
2.101010101010101039e+02 2.389023095047143330e-01 4.994064725670145921e-01 5.987099406127563972e-01 5.908587035153257949e-02 -1.950714493953205897e-01 3.141592653589793116e+00 1.086514052003485498e+00 5.530344528684061345e+00
2.232323232323232389e+02 2.388923199352313564e-01 5.007525372479028070e-01 5.975980524219340895e-01 5.908587035153069905e-02 -2.082585088903861348e-01 3.141592653589793116e+00 1.081751942671207445e+00 5.530344984833808653e+00
2.363636363636363740e+02 2.388977456347279593e-01 5.026926067947217192e-01 5.963245860122406983e-01 5.908587035153257949e-02 -2.210369151667508913e-01 3.141592653589793116e+00 1.077708847049986929e+00 5.530345584468529196e+00
2.494949494949495090e+02 2.389061982563081277e-01 5.038396421260347147e-01 5.952788364597155768e-01 5.908587035153257949e-02 -2.345191744626131669e-01 3.141592653589793116e+00 1.073244103978254760e+00 5.530345940566446572e+00
2.626262626262626441e+02 2.389030982744745069e-01 5.056765006189071210e-01 5.940440985808727037e-01 5.908587035153257949e-02 -2.482695762357242097e-01 3.141592653589793116e+00 1.068949319141211607e+00 5.530346280864067765e+00
2.757575757575757507e+02 2.388938081155958237e-01 5.069708067739251423e-01 5.930816765157801429e-01 5.908587035153257949e-02 -2.617443372378167044e-01 3.141592653589793116e+00 1.063902429833161634e+00 5.530346704122862000e+00
2.888888888888889142e+02 2.389001136394807434e-01 5.087024092977323608e-01 5.919139839848039930e-01 5.908587035153445993e-02 -2.751450106283070962e-01 3.141592653589793116e+00 1.059986756488743076e+00 5.530347325099467248e+00
3.020202020202020208e+02 2.389051020751038756e-01 5.097037555186841873e-01 5.910589450006504819e-01 5.908587035153445993e-02 -2.887841309454243777e-01 3.141592653589793116e+00 1.055230143258128805e+00 5.530347693171292711e+00
3.151515151515151274e+02 2.389039096864453149e-01 5.113018060458347502e-01 5.899804181195534847e-01 5.908587035153257949e-02 -3.030701299350000988e-01 3.141592653589793116e+00 1.050968617644681746e+00 5.530348033406268016e+00
3.282828282828282909e+02 2.388964133365514553e-01 5.125645543136416737e-01 5.891602686431397506e-01 5.908587035153257949e-02 -3.168359834381995199e-01 3.141592653589793116e+00 1.045738307637857689e+00 5.530348429793024323e+00
3.414141414141413975e+02 2.388986834964876571e-01 5.140139097307648841e-01 5.881591790401634601e-01 5.908587035153069905e-02 -3.308336450781158011e-01 3.141592653589793116e+00 1.041880610852553568e+00 5.530349060326640753e+00
3.545454545454545610e+02 2.389030192931832219e-01 5.149305747982041437e-01 5.874798984793083712e-01 5.908587035153257949e-02 -3.445711039931843023e-01 3.141592653589793116e+00 1.036867238989986006e+00 5.530349445831258315e+00
3.676767676767676107e+02 2.389047764477285063e-01 5.162532070614338497e-01 5.866024717249402887e-01 5.908587035153445993e-02 -3.593239436219954341e-01 3.141592653589793116e+00 1.032611137305670557e+00 5.530349786064482132e+00
3.808080808080808310e+02 2.388997387975022590e-01 5.174833158828383572e-01 5.859246348688754713e-01 5.908587035153257949e-02 -3.733984190140407500e-01 3.141592653589793116e+00 1.027295079281019596e+00 5.530350161995919223e+00
3.939393939393939377e+02 2.388961949275041907e-01 5.186002257513111502e-01 5.851463703321484466e-01 5.908587035153257949e-02 -3.879046706031854530e-01 3.141592653589793116e+00 1.023396029838013144e+00 5.530350789259161459e+00
4.070707070707070443e+02 2.389008172434022303e-01 5.194832346863852424e-01 5.846242048466874230e-01 5.908587035153257949e-02 -4.017287786440587594e-01 3.141592653589793116e+00 1.018208309971397441e+00 5.530351198453786310e+00
4.202020202020202078e+02 2.389055442214101654e-01 5.205052961761443830e-01 5.839862213042058547e-01 5.908587035153257949e-02 -4.168463819124565983e-01 3.141592653589793116e+00 1.013920122561448256e+00 5.530351538703342840e+00
4.333333333333333144e+02 2.389000134866227365e-01 5.216790130817714477e-01 5.834625602865238791e-01 5.908587035153445993e-02 -4.312496571262390832e-01 3.141592653589793116e+00 1.008612024096798176e+00 5.530351900095078932e+00
4.464646464646464779e+02 2.388941077887739017e-01 5.224483374259951685e-01 5.829475034928134347e-01 5.908587035153257949e-02 -4.461252555105629791e-01 3.141592653589793116e+00 1.004551682932106393e+00 5.530352511615951983e+00
4.595959595959595845e+02 2.388989372522632437e-01 5.233266085050771732e-01 5.825691126211650639e-01 5.908587035153257949e-02 -4.600650017353392074e-01 3.141592653589793116e+00 9.993028584331871134e-01 5.530352950851638028e+00
4.727272727272727479e+02 2.389057974194950529e-01 5.240363129155627409e-01 5.821975897932895050e-01 5.908587035153257949e-02 -4.754197937049632339e-01 3.141592653589793116e+00 9.949433906583066145e-01 5.530353291267021021e+00
4.858585858585858546e+02 2.388978460235672563e-01 5.251146480480483048e-01 5.818516165118932104e-01 5.908587035153257949e-02 -4.901493331045748691e-01 3.141592653589793116e+00 9.897112476692760952e-01 5.530353643028949939e+00
4.989898989898990180e+02 2.388925228824916036e-01 5.255593721514083549e-01 5.816172131412811197e-01 5.908587035153257949e-02 -5.052345355295355667e-01 3.141592653589793116e+00 9.853833874994493147e-01 5.530354228063963262e+00
5.121212121212121247e+02 2.388975884595832266e-01 5.264282942343531113e-01 5.813826035972364803e-01 5.908587035153257949e-02 -5.193482240682277817e-01 3.141592653589793116e+00 9.801987001536004440e-01 5.530354702708953241e+00
5.252525252525252881e+02 2.389046567925508513e-01 5.268272147404943206e-01 5.812902237865715804e-01 5.908587035153257949e-02 -5.347981071133842690e-01 3.141592653589793116e+00 9.757336730455912210e-01 5.530355043753539590e+00
5.383838383838383379e+02 2.388988136661577277e-01 5.277703993259644788e-01 5.811434441739817824e-01 5.908587035153257949e-02 -5.498284968542413997e-01 3.141592653589793116e+00 9.706182217068831664e-01 5.530355389623907492e+00
5.515151515151515014e+02 2.388916038188167446e-01 5.279411318985016699e-01 5.811907986182657249e-01 5.908587035153257949e-02 -5.649665157792808090e-01 3.141592653589793116e+00 9.659550316555088889e-01 5.530355940368700374e+00
5.646464646464646648e+02 2.388968405394617245e-01 5.287588797835055532e-01 5.811196624695652568e-01 5.908587035153257949e-02 -5.793108811423330895e-01 3.141592653589793116e+00 9.609421936626427740e-01 5.530356453544124307e+00
5.777777777777778283e+02 2.389020470056529843e-01 5.288614071575528097e-01 5.813042192221352655e-01 5.908587035153257949e-02 -5.947134447428142900e-01 3.141592653589793116e+00 9.563400289879310234e-01 5.530356796193936830e+00
5.909090909090908781e+02 2.389000117323152872e-01 5.296253647163740030e-01 5.813812458455142052e-01 5.908587035153257949e-02 -6.099978881383800733e-01 3.141592653589793116e+00 9.513531195530176010e-01 5.530357138797971750e+00
6.040404040404040416e+02 2.388914534243434806e-01 5.295963504306472336e-01 5.816905229076713146e-01 5.908587035153257949e-02 -6.250611583170816443e-01 3.141592653589793116e+00 9.463514111029484033e-01 5.530357651196527335e+00
6.171717171717172050e+02 2.388966999635029065e-01 5.302923864609437876e-01 5.818183785279352760e-01 5.908587035153257949e-02 -6.396547642435242986e-01 3.141592653589793116e+00 9.415765926216780324e-01 5.530358202676280754e+00
6.303030303030302548e+02 2.389048908074095368e-01 5.301382831666529016e-01 5.822659418852944579e-01 5.908587035153445993e-02 -6.548796096244932086e-01 3.141592653589793116e+00 9.368063251193169405e-01 5.530358548634822569e+00
6.434343434343434183e+02 2.389011070371933609e-01 5.306722925073185104e-01 5.825897604052761025e-01 5.908587035153257949e-02 -6.703417827984751165e-01 3.141592653589793116e+00 9.319485948333515735e-01 5.530358889659414245e+00
6.565656565656565817e+02 2.388921012489058915e-01 5.305161442418850903e-01 5.831304935820067481e-01 5.908587035153445993e-02 -6.852576199962127079e-01 3.141592653589793116e+00 9.266622833020287109e-01 5.530359363559974817e+00
6.696969696969696315e+02 2.388973813569736926e-01 5.310080156050626110e-01 5.834959407724165104e-01 5.908587035153257949e-02 -7.000604398774298298e-01 3.141592653589793116e+00 9.221381187847176308e-01 5.530359949209475268e+00
6.828282828282827950e+02 2.389063131471099999e-01 5.306432769389983761e-01 5.841807818079088888e-01 5.908587035153445993e-02 -7.149984222234880837e-01 3.141592653589793116e+00 9.171761574265974160e-01 5.530360301122652089e+00
6.959595959595959584e+02 2.389022374084228961e-01 5.309116053156645032e-01 5.847703566040103329e-01 5.908587035153257949e-02 -7.305378323423369347e-01 3.141592653589793116e+00 9.124449690969472782e-01 5.530360641531572696e+00
7.090909090909091219e+02 2.388935409201999871e-01 5.306816714684838843e-01 5.855150700525582064e-01 5.908587035153257949e-02 -7.452828750862122709e-01 3.141592653589793116e+00 9.069666337575589266e-01 5.530361080111912742e+00
7.222222222222222854e+02 2.388995597959351069e-01 5.308945576814906309e-01 5.861478902387076140e-01 5.908587035153257949e-02 -7.602032790034739529e-01 3.141592653589793116e+00 9.026542930013427002e-01 5.530361692058634482e+00
7.353535353535352215e+02 2.389052544132465039e-01 5.303759389456306206e-01 5.870352310107831428e-01 5.908587035153257949e-02 -7.747803462244327033e-01 3.141592653589793116e+00 8.975000212194448324e-01 5.530362053687986723e+00
7.484848484848484986e+02 2.389034565019047263e-01 5.303500617397692851e-01 5.879018985851909296e-01 5.908587035153257949e-02 -7.902728376030414559e-01 3.141592653589793116e+00 8.928865068058231547e-01 5.530362393936485432e+00
7.616161616161616621e+02 2.388957690012650792e-01 5.300719263261017833e-01 5.888328650744730774e-01 5.908587035153445993e-02 -8.048501980749050988e-01 3.141592653589793116e+00 8.873243738556279014e-01 5.530362802596611616e+00
7.747474747474747119e+02 2.388989673654052515e-01 5.299454597528711064e-01 5.897524156782512073e-01 5.908587035153257949e-02 -8.197572768148962963e-01 3.141592653589793116e+00 8.831515142245681682e-01 5.530363430050003082e+00
7.878787878787878753e+02 2.389033917344254576e-01 5.293381582368912319e-01 5.908014514512328619e-01 5.908587035153257949e-02 -8.339460296391980609e-01 3.141592653589793116e+00 8.778424480363429261e-01 5.530363806327994958e+00
8.010101010101010388e+02 2.389046871106305925e-01 5.290000524907315649e-01 5.919430616240848320e-01 5.908587035153257949e-02 -8.492546785817803867e-01 3.141592653589793116e+00 8.733204669870230363e-01 5.530364146561216998e+00
8.141414141414140886e+02 2.388987156683614055e-01 5.286726921870761320e-01 5.930520057151841273e-01 5.908587035153257949e-02 -8.636719099961579493e-01 3.141592653589793116e+00 8.677778581805603020e-01 5.530364531659746063e+00
8.272727272727272521e+02 2.388961829119191915e-01 5.281760242702392416e-01 5.942562822764335673e-01 5.908587035153445993e-02 -8.784064655263101873e-01 3.141592653589793116e+00 8.636453118271607554e-01 5.530365162127107048e+00
8.404040404040404155e+02 2.389015570367209462e-01 5.275335007705420631e-01 5.954363545602971985e-01 5.908587035153257949e-02 -8.922318577152357211e-01 3.141592653589793116e+00 8.582626891295632721e-01 5.530365558985530505e+00
8.535353535353535790e+02 2.389057079995181299e-01 5.268789191753016077e-01 5.968353817312637144e-01 5.908587035153257949e-02 -9.072213549168695046e-01 3.141592653589793116e+00 8.537968574860457238e-01 5.530365899220727854e+00
8.666666666666666288e+02 2.389002014033611010e-01 5.264790770262106623e-01 5.981224295838122318e-01 5.908587035153445993e-02 -9.214781289289554200e-01 3.141592653589793116e+00 8.483653018374149868e-01 5.530366267004516168e+00
8.797979797979799059e+02 2.388938299700765211e-01 5.256194877667355048e-01 5.995839673214699017e-01 5.908587035153257949e-02 -9.358824952613904458e-01 3.141592653589793116e+00 8.441648357710993533e-01 5.530366887665648434e+00
8.929292929292929557e+02 2.389000869788925341e-01 5.249694047810072872e-01 6.008823297306671307e-01 5.908587035153257949e-02 -9.493978740622800450e-01 3.141592653589793116e+00 8.388155873932822137e-01 5.530367311523349372e+00
9.060606060606061192e+02 2.389060776460822100e-01 5.240080721827956589e-01 6.025068636197151717e-01 5.908587035153257949e-02 -9.639472957161998590e-01 3.141592653589793116e+00 8.343686683622892897e-01 5.530367651824031228e+00
9.191919191919191690e+02 2.388977095431964737e-01 5.234952532048354756e-01 6.039772939897821713e-01 5.908587035153257949e-02 -9.780177332448697358e-01 3.141592653589793116e+00 8.291151970371469782e-01 5.530368007731643054e+00
9.323232323232323324e+02 2.388922193323185506e-01 5.223196101369678157e-01 6.056469545808074173e-01 5.908587035153257949e-02 -9.919697410162242601e-01 3.141592653589793116e+00 8.247488346116309543e-01 5.530368606836281842e+00
9.454545454545454959e+02 2.388990601528764302e-01 5.216572145559030815e-01 6.070691721017261733e-01 5.908587035153257949e-02 -1.005233335009740658e+00 3.141592653589793116e+00 8.195531148900434548e-01 5.530369063692710974e+00
9.585858585858585457e+02 2.389049463045530008e-01 5.204112895472888800e-01 6.088760726586239791e-01 5.908587035153257949e-02 -1.019246730658060596e+00 3.141592653589793116e+00 8.150920152416523123e-01 5.530369404345820250e+00
9.717171717171717091e+02 2.388975734670099049e-01 5.197496448144390824e-01 6.105260943137085228e-01 5.908587035153257949e-02 -1.033088421847060179e+00 3.141592653589793116e+00 8.100551288658326410e-01 5.530369752689372476e+00
9.848484848484848726e+02 2.388914546299655828e-01 5.183258351179472756e-01 6.123510194735088952e-01 5.908587035153445993e-02 -1.046513302360466691e+00 3.141592653589793116e+00 8.054569078463189591e-01 5.530370320870477308e+00
9.979797979797980361e+02 2.388983833812246549e-01 5.176116825409787792e-01 6.139160659662615815e-01 5.908587035153257949e-02 -1.059559453947431784e+00 3.141592653589793116e+00 8.005241944189522840e-01 5.530370815097294113e+00
1.011111111111110972e+03 2.389020891880909436e-01 5.161132788015581063e-01 6.158564868628721989e-01 5.908587035153257949e-02 -1.072973005345609687e+00 3.141592653589793116e+00 7.960178176879308953e-01 5.530371156803420618e+00
1.024242424242424249e+03 2.388984461100940593e-01 5.152684748410292226e-01 6.176783449797150771e-01 5.908587035153257949e-02 -1.086536119252561106e+00 3.141592653589793116e+00 7.912101091114158713e-01 5.530371500732891299e+00
1.037373737373737413e+03 2.388915429407799662e-01 5.136823106090399049e-01 6.196051356009361077e-01 5.908587035153445993e-02 -1.099412096835589159e+00 3.141592653589793116e+00 7.863682563474236886e-01 5.530372032045852038e+00
1.050505050505050576e+03 2.388978668495043978e-01 5.128507798282759822e-01 6.213329560530975737e-01 5.908587035153257949e-02 -1.112230825319574512e+00 3.141592653589793116e+00 7.817724556565999183e-01 5.530372565156707942e+00
1.063636363636363740e+03 2.389043346732241391e-01 5.111533775768091203e-01 6.233572818947840100e-01 5.908587035153257949e-02 -1.125013238770227852e+00 3.141592653589793116e+00 7.771872032225857208e-01 5.530372909237896373e+00
1.076767676767676676e+03 2.388997217390511352e-01 5.100878628932673520e-01 6.253388306641186611e-01 5.908587035153445993e-02 -1.138241059026160906e+00 3.141592653589793116e+00 7.726087199099200831e-01 5.530373250871054580e+00
1.089898989898989839e+03 2.388924044772609556e-01 5.084205349145886066e-01 6.273249861331445798e-01 5.908587035153257949e-02 -1.150600222029234176e+00 3.141592653589793116e+00 7.675699169281362533e-01 5.530373743292305022e+00
1.103030303030303003e+03 2.388976569362883662e-01 5.073968985905241702e-01 6.292220736106068912e-01 5.908587035153445993e-02 -1.163138460840239308e+00 3.141592653589793116e+00 7.633306621485667076e-01 5.530374313079683191e+00
1.116161616161616166e+03 2.389060474630388675e-01 5.055564452463381375e-01 6.312828747531585849e-01 5.908587035153445993e-02 -1.175295679460346410e+00 3.141592653589793116e+00 7.586429214652259390e-01 5.530374661697701200e+00
1.129292929292929330e+03 2.389012615765282177e-01 5.042497545487454325e-01 6.334086293972205350e-01 5.908587035153257949e-02 -1.188124668698074871e+00 3.141592653589793116e+00 7.542844934847117155e-01 5.530375002322728939e+00
1.142424242424242493e+03 2.388939130006696998e-01 5.025596640424389028e-01 6.354301335095781100e-01 5.908587035153445993e-02 -1.200029585774276208e+00 3.141592653589793116e+00 7.491408296416153245e-01 5.530375457522929139e+00
1.155555555555555657e+03 2.388993615587997610e-01 5.012821391042688868e-01 6.374838144157862763e-01 5.908587035153257949e-02 -1.212214298407783941e+00 3.141592653589793116e+00 7.452160757191883533e-01 5.530376057866065231e+00
1.168686868686868593e+03 2.389053179887019873e-01 4.993569170014495739e-01 6.395435786953345136e-01 5.908587035153257949e-02 -1.223783839948763941e+00 3.141592653589793116e+00 7.404256442660810400e-01 5.530376414223166393e+00
1.181818181818181756e+03 2.389029264680840314e-01 4.977995951425019938e-01 6.417896519129545618e-01 5.908587035153069905e-02 -1.236148184929712235e+00 3.141592653589793116e+00 7.362737134284802476e-01 5.530376754516831639e+00
1.194949494949494920e+03 2.388959656932273523e-01 4.961137351094487835e-01 6.438389457070430311e-01 5.908587035153257949e-02 -1.247663685007179168e+00 3.141592653589793116e+00 7.311397038974964957e-01 5.530377176972331554e+00
1.208080808080808083e+03 2.388999652124538797e-01 4.945424155391316967e-01 6.460246966183810224e-01 5.908587035153445993e-02 -1.259418421689496137e+00 3.141592653589793116e+00 7.274492759662656294e-01 5.530377798366634678e+00
1.221212121212121247e+03 2.389038073924450445e-01 4.925918044083029135e-01 6.480551771927045568e-01 5.908587035153445993e-02 -1.270463766903102698e+00 3.141592653589793116e+00 7.225913985074674528e-01 5.530378166830074882e+00
1.234343434343434410e+03 2.389045077873354073e-01 4.907849624045975689e-01 6.503883443200664249e-01 5.908587035153257949e-02 -1.282307561792231709e+00 3.141592653589793116e+00 7.186151180953608275e-01 5.530378507064781957e+00
1.247474747474747574e+03 2.388985770489774063e-01 4.891011890184568389e-01 6.524668237944615257e-01 5.908587035153257949e-02 -1.293483076466379833e+00 3.141592653589793116e+00 7.136021123923701470e-01 5.530378902819961695e+00
1.260606060606060510e+03 2.388971615761793788e-01 4.872246914178957056e-01 6.547452746961555103e-01 5.908587035153445993e-02 -1.304736619472134818e+00 3.141592653589793116e+00 7.100361589684875963e-01 5.530379533434757633e+00
1.273737373737373673e+03 2.389023494987147500e-01 4.852973142200212031e-01 6.567380677985130699e-01 5.908587035153069905e-02 -1.315342465672081795e+00 3.141592653589793116e+00 7.051908573090421850e-01 5.530379919490599150e+00
1.286868686868686837e+03 2.389056995157767815e-01 4.832543795457518443e-01 6.591183963686464420e-01 5.908587035153445993e-02 -1.326627253954486996e+00 3.141592653589793116e+00 7.013502893475029865e-01 5.530380259723823855e+00
1.300000000000000000e+03 2.389006807337152316e-01 4.815495338055634233e-01 6.612318139674300266e-01 5.908587035153069905e-02 -1.337492598065010529e+00 3.141592653589793116e+00 6.965519137931921456e-01 5.530380635191955108e+00
