# Columns: time (years), eccentricity (tides off), eccentricity (tides on)
0.000000000000000000e+00 4.685999999999999055e-01 4.685999999999999055e-01
1.000000000000000000e+00 4.685999999999999055e-01 4.686000000001092070e-01
2.000000000000000000e+00 4.685999999999997390e-01 4.686000000001872001e-01
3.000000000000000000e+00 4.686000000000000165e-01 4.686000000002864541e-01
4.000000000000000000e+00 4.686000000000000720e-01 4.686000000003818777e-01
5.000000000000000000e+00 4.685999999999997945e-01 4.686000000004738597e-01
6.000000000000000000e+00 4.685999999999999055e-01 4.686000000005767774e-01
7.000000000000000000e+00 4.685999999999999055e-01 4.686000000007037314e-01
8.000000000000000000e+00 4.686000000000001831e-01 4.686000000008273547e-01
9.000000000000000000e+00 4.686000000000000720e-01 4.686000000009470923e-01
1.000000000000000000e+01 4.686000000000002386e-01 4.686000000010597799e-01
1.099999999999999822e+01 4.686000000000002386e-01 4.686000000011485978e-01
1.200000000000000000e+01 4.686000000000001275e-01 4.686000000012446876e-01
1.300000000000000178e+01 4.686000000000004606e-01 4.686000000013729183e-01
1.400000000000000000e+01 4.686000000000001831e-01 4.686000000014889921e-01
1.499999999999999822e+01 4.686000000000004051e-01 4.686000000016174449e-01
1.600000000000000000e+01 4.686000000000004606e-01 4.686000000017516154e-01
1.700000000000000000e+01 4.686000000000005161e-01 4.686000000018746281e-01
1.800000000000000000e+01 4.686000000000004051e-01 4.686000000019804324e-01
1.900000000000000000e+01 4.686000000000006271e-01 4.686000000020839051e-01
2.000000000000000000e+01 4.686000000000005161e-01 4.686000000021874334e-01
2.100000000000000000e+01 4.686000000000005716e-01 4.686000000023145540e-01
2.199999999999999645e+01 4.686000000000003496e-01 4.686000000024074241e-01
2.300000000000000000e+01 4.686000000000002386e-01 4.686000000025198897e-01
2.400000000000000000e+01 4.686000000000004606e-01 4.686000000026496193e-01
2.500000000000000000e+01 4.686000000000004051e-01 4.686000000027468748e-01
2.600000000000000355e+01 4.686000000000005161e-01 4.686000000028653911e-01
2.700000000000000000e+01 4.686000000000004051e-01 4.686000000029796331e-01
2.800000000000000000e+01 4.686000000000004606e-01 4.686000000030990931e-01
2.900000000000000000e+01 4.686000000000004051e-01 4.686000000031916302e-01
2.999999999999999645e+01 4.686000000000003496e-01 4.686000000033125890e-01
3.100000000000000000e+01 4.686000000000003496e-01 4.686000000034012403e-01
3.200000000000000000e+01 4.686000000000004606e-01 4.686000000035053792e-01
3.300000000000000000e+01 4.686000000000005161e-01 4.686000000036114610e-01
3.400000000000000000e+01 4.686000000000005161e-01 4.686000000036794622e-01
3.500000000000000000e+01 4.686000000000005161e-01 4.686000000037670032e-01
3.600000000000000000e+01 4.686000000000005161e-01 4.686000000039050595e-01
3.700000000000000000e+01 4.686000000000006827e-01 4.686000000040135283e-01
3.800000000000000000e+01 4.686000000000006271e-01 4.686000000041271596e-01
3.900000000000000000e+01 4.686000000000007937e-01 4.686000000042412350e-01
4.000000000000000000e+01 4.686000000000008492e-01 4.686000000043528679e-01
4.100000000000000000e+01 4.686000000000009047e-01 4.686000000044784897e-01
4.200000000000000000e+01 4.686000000000005716e-01 4.686000000045781877e-01
4.300000000000000000e+01 4.686000000000007937e-01 4.686000000046617320e-01
4.399999999999999289e+01 4.686000000000008492e-01 4.686000000047879088e-01
4.500000000000000000e+01 4.686000000000009047e-01 4.686000000048983760e-01
4.600000000000000000e+01 4.686000000000011267e-01 4.686000000050084546e-01
4.700000000000000000e+01 4.686000000000010157e-01 4.686000000051160908e-01
4.800000000000000000e+01 4.686000000000011823e-01 4.686000000052114589e-01
4.900000000000000000e+01 4.686000000000009602e-01 4.686000000053484049e-01
5.000000000000000000e+01 4.686000000000012933e-01 4.686000000054924008e-01
5.100000000000000000e+01 4.686000000000014598e-01 4.686000000056103620e-01
5.200000000000000711e+01 4.686000000000010712e-01 4.686000000057430337e-01
5.300000000000000000e+01 4.686000000000010712e-01 4.686000000058537784e-01
5.400000000000000000e+01 4.686000000000014043e-01 4.686000000059931114e-01
5.500000000000000000e+01 4.686000000000012378e-01 4.686000000060921988e-01
5.600000000000000000e+01 4.686000000000014598e-01 4.686000000062147675e-01
5.700000000000000000e+01 4.686000000000012933e-01 4.686000000063338389e-01
5.800000000000000000e+01 4.686000000000011823e-01 4.686000000064338700e-01
5.900000000000000000e+01 4.686000000000011267e-01 4.686000000065448368e-01
5.999999999999999289e+01 4.686000000000010712e-01 4.686000000066450344e-01
6.100000000000000000e+01 4.686000000000015153e-01 4.686000000067657156e-01
6.200000000000000000e+01 4.686000000000011823e-01 4.686000000068647475e-01
6.300000000000000000e+01 4.686000000000011267e-01 4.686000000069841520e-01
6.400000000000000000e+01 4.686000000000011267e-01 4.686000000071028349e-01
6.500000000000000000e+01 4.686000000000010712e-01 4.686000000072033100e-01
6.600000000000000000e+01 4.686000000000011267e-01 4.686000000073007876e-01
6.700000000000000000e+01 4.686000000000012378e-01 4.686000000074128091e-01
6.800000000000000000e+01 4.686000000000010712e-01 4.686000000074975747e-01
6.900000000000000000e+01 4.686000000000009602e-01 4.686000000076238625e-01
7.000000000000000000e+01 4.686000000000009047e-01 4.686000000077317207e-01
7.100000000000000000e+01 4.686000000000010157e-01 4.686000000078523464e-01
7.200000000000000000e+01 4.686000000000008492e-01 4.686000000079920125e-01
7.300000000000000000e+01 4.686000000000008492e-01 4.686000000081101402e-01
7.400000000000000000e+01 4.686000000000009602e-01 4.686000000082202188e-01
7.500000000000000000e+01 4.686000000000009047e-01 4.686000000083339057e-01
7.600000000000000000e+01 4.686000000000012378e-01 4.686000000084409867e-01
7.700000000000000000e+01 4.686000000000012378e-01 4.686000000085344119e-01
7.800000000000000000e+01 4.686000000000011267e-01 4.686000000086587014e-01
7.900000000000000000e+01 4.686000000000009602e-01 4.686000000087554573e-01
8.000000000000000000e+01 4.686000000000012378e-01 4.686000000088515471e-01
8.100000000000000000e+01 4.686000000000012378e-01 4.686000000089458051e-01
8.200000000000000000e+01 4.686000000000013488e-01 4.686000000090758677e-01
8.300000000000001421e+01 4.686000000000014043e-01 4.686000000091926077e-01
8.400000000000000000e+01 4.686000000000012933e-01 4.686000000093169526e-01
8.500000000000000000e+01 4.686000000000015153e-01 4.686000000094325268e-01
8.600000000000000000e+01 4.686000000000014598e-01 4.686000000095315032e-01
8.700000000000000000e+01 4.686000000000011267e-01 4.686000000096554596e-01
8.799999999999998579e+01 4.686000000000011267e-01 4.686000000097850227e-01
8.900000000000000000e+01 4.686000000000010157e-01 4.686000000099029283e-01
9.000000000000000000e+01 4.686000000000011267e-01 4.686000000099836971e-01
9.100000000000000000e+01 4.686000000000008492e-01 4.686000000100988272e-01
9.200000000000000000e+01 4.686000000000009047e-01 4.686000000102064078e-01
9.299999999999998579e+01 4.686000000000009047e-01 4.686000000103232033e-01
9.400000000000000000e+01 4.686000000000005161e-01 4.686000000104398877e-01
9.500000000000000000e+01 4.686000000000007937e-01 4.686000000105470242e-01
9.600000000000000000e+01 4.686000000000006271e-01 4.686000000106523844e-01
9.700000000000000000e+01 4.686000000000009047e-01 4.686000000107686247e-01
9.800000000000000000e+01 4.686000000000007382e-01 4.686000000108890839e-01
9.900000000000001421e+01 4.686000000000007937e-01 4.686000000109901142e-01
1.000000000000000000e+02 4.686000000000008492e-01 4.686000000110707164e-01
