# Columns: time (years), eccentricity (tides off), eccentricity (tides on)
0.000000000000000000e+00 4.685999999999999055e-01 4.685999999999999055e-01
1.000000000000000000e+02 4.841286490653869401e-01 4.841286491027821937e-01
2.000000000000000000e+02 4.978443773849230980e-01 4.978443774820304202e-01
3.000000000000000000e+02 5.099171322721949284e-01 5.099171324152591556e-01
4.000000000000000000e+02 5.191047048076775638e-01 5.191047050126035289e-01
4.999999999999999432e+02 5.261440554863116015e-01 5.261440557416120489e-01
6.000000000000000000e+02 5.300004562638197525e-01 5.300004565749272256e-01
6.999999999999998863e+02 5.317044467057474577e-01 5.317044470682965596e-01
8.000000000000000000e+02 5.296984361809855546e-01 5.296984365920862636e-01
9.000000000000000000e+02 5.257768624469338903e-01 5.257768629070125321e-01
9.999999999999998863e+02 5.184600545345120493e-01 5.184600550329155899e-01
1.100000000000000000e+03 5.091928108888326143e-01 5.091928114095005675e-01
1.200000000000000000e+03 4.971913960189423554e-01 4.971913966003236318e-01
1.300000000000000000e+03 4.835943347883210897e-01 4.835943353546580670e-01
1.399999999999999773e+03 4.678401901764661641e-01 4.678401907779925484e-01
1.500000000000000000e+03 4.509522964302115633e-01 4.509522970068867154e-01
1.600000000000000000e+03 4.329871146308741925e-01 4.329871152632898679e-01
1.699999999999999773e+03 4.139291959579580182e-01 4.139291965008178864e-01
1.800000000000000000e+03 3.945852179437066565e-01 3.945852185530023259e-01
1.900000000000000000e+03 3.748278510119415485e-01 3.748278515664637545e-01
1.999999999999999773e+03 3.553674599209181162e-01 3.553674604802464776e-01
2.100000000000000000e+03 3.354875307412646945e-01 3.354875312863111469e-01
2.200000000000000000e+03 3.166143068350540379e-01 3.166143073906718675e-01
2.300000000000000000e+03 2.979081229333559455e-01 2.979081234536358203e-01
2.400000000000000000e+03 2.802698766683303644e-01 2.802698771433645986e-01
2.500000000000000000e+03 2.632654816425689104e-01 2.632654822290062535e-01
2.600000000000000000e+03 2.475388877842528423e-01 2.475388882503742338e-01
2.700000000000000455e+03 2.328758055656847126e-01 2.328758061233953403e-01
2.799999999999999545e+03 2.197572731728190121e-01 2.197572736871616639e-01
2.900000000000000000e+03 2.083482922070783727e-01 2.083482928267362533e-01
3.000000000000000000e+03 1.985680820838443827e-01 1.985680826434047253e-01
3.100000000000000000e+03 1.911473828112310036e-01 1.911473835317216430e-01
3.200000000000000000e+03 1.857580653128309278e-01 1.857580660972620035e-01
3.300000000000000455e+03 1.829696685110498988e-01 1.829696693249454886e-01
3.399999999999999545e+03 1.825845801542644309e-01 1.825845816363893814e-01
3.500000000000000000e+03 1.849066032482372945e-01 1.849066052782711578e-01
3.600000000000000000e+03 1.896026290818367266e-01 1.896026319259848658e-01
3.700000000000000000e+03 1.966178708391142227e-01 1.966178742524460621e-01
3.800000000000000000e+03 2.060871971056394691e-01 2.060872011406534587e-01
3.900000000000000455e+03 2.173453472941596076e-01 2.173453518266697526e-01
3.999999999999999545e+03 2.306508149830327759e-01 2.306508201765457011e-01
4.100000000000000000e+03 2.452170500695285416e-01 2.452170557954331809e-01
4.200000000000000000e+03 2.614338291995068064e-01 2.614338351254181791e-01
4.300000000000000000e+03 2.788241500685312291e-01 2.788241567341273597e-01
4.400000000000000000e+03 2.973962811951777474e-01 2.973962878571973500e-01
4.500000000000000000e+03 3.166094773276730279e-01 3.166094845902888144e-01
4.600000000000000000e+03 3.364484338038099542e-01 3.364484409959947464e-01
4.700000000000000000e+03 3.571430592243233781e-01 3.571430668317435719e-01
4.800000000000000000e+03 3.776621084256984173e-01 3.776621157169054444e-01
4.900000000000000000e+03 3.984748197122029989e-01 3.984748274715569361e-01
5.000000000000000000e+03 4.185713295681335877e-01 4.185713370975789327e-01
5.100000000000000000e+03 4.386877586593863065e-01 4.386877656598996422e-01
5.200000000000000000e+03 4.573940644298211122e-01 4.573940713962503790e-01
5.300000000000000000e+03 4.755161630070073864e-01 4.755161695669784527e-01
5.400000000000000909e+03 4.914203375252994555e-01 4.914203437918283623e-01
5.499999999999999091e+03 5.059238410873480030e-01 5.059238460514805524e-01
5.599999999999999091e+03 5.180770239511750530e-01 5.180770292922867171e-01
5.700000000000000000e+03 5.280434739773305353e-01 5.280434772876098082e-01
5.800000000000000000e+03 5.349901632252068717e-01 5.349901664282306069e-01
5.900000000000000000e+03 5.392104612820199927e-01 5.392104627472991130e-01
6.000000000000000000e+03 5.408131574484494886e-01 5.408131587043928379e-01
6.100000000000000000e+03 5.389091530200808000e-01 5.389091520331880103e-01
6.200000000000000000e+03 5.345159940107717667e-01 5.345159931443267398e-01
6.300000000000000000e+03 5.269546294914437823e-01 5.269546270463605353e-01
6.400000000000000000e+03 5.173729521685984656e-01 5.173729487642725333e-01
6.500000000000000000e+03 5.046116303000712788e-01 5.046116261749065135e-01
6.600000000000000909e+03 4.906345029949817915e-01 4.906344984236297724e-01
6.700000000000000909e+03 4.741906340391463526e-01 4.741906287135711495e-01
6.799999999999999091e+03 4.568730143082336825e-01 4.568730079655416998e-01
6.900000000000000000e+03 4.379238570006194209e-01 4.379238517226278216e-01
7.000000000000000000e+03 4.186407855483149087e-01 4.186407785161104234e-01
7.100000000000000000e+03 3.984435235052856128e-01 3.984435170550267302e-01
7.200000000000000000e+03 3.783149855217600166e-01 3.783149782579278697e-01
7.300000000000000000e+03 3.582115007554748654e-01 3.582114945373601200e-01
7.400000000000000000e+03 3.380478438231841465e-01 3.380478363744477965e-01
7.500000000000000000e+03 3.186367275375082131e-01 3.186367214217371013e-01
7.600000000000000000e+03 2.997081831141561459e-01 2.997081765701650191e-01
7.700000000000000000e+03 2.819073733448517749e-01 2.819073671929338554e-01
7.800000000000000909e+03 2.646290925944115302e-01 2.646290870847263221e-01
7.900000000000000909e+03 2.491004697150970837e-01 2.491004646750838991e-01
7.999999999999999091e+03 2.345498124399071904e-01 2.345498080140118180e-01
8.100000000000000000e+03 2.218607131598760163e-01 2.218607090236056067e-01
8.200000000000000000e+03 2.108438700106227415e-01 2.108438677578278186e-01
8.300000000000000000e+03 2.019229055228591030e-01 2.019229028364404877e-01
8.400000000000000000e+03 1.952650976371201053e-01 1.952650968824955480e-01
8.500000000000000000e+03 1.909692997625231925e-01 1.909692997450725682e-01
8.600000000000000000e+03 1.894527677294436663e-01 1.894527687542932604e-01
8.700000000000000000e+03 1.903205036992559607e-01 1.903205061798207420e-01
8.800000000000000000e+03 1.941589273899801127e-01 1.941589309436070887e-01
8.900000000000000000e+03 2.002144553978801311e-01 2.002144604268805972e-01
9.000000000000000000e+03 2.087728465522757371e-01 2.087728518859099380e-01
9.100000000000000000e+03 2.196187732128749015e-01 2.196187803744472367e-01
9.200000000000000000e+03 2.323851413633902518e-01 2.323851481659238716e-01
9.300000000000000000e+03 2.469694440726940277e-01 2.469694529739254463e-01
9.400000000000000000e+03 2.628477398849777269e-01 2.628477492013255312e-01
9.500000000000000000e+03 2.805032959434526352e-01 2.805033053191075543e-01
9.600000000000000000e+03 2.988912321393020766e-01 2.988912426519541587e-01
9.700000000000000000e+03 3.187049016833816140e-01 3.187049126300631752e-01
9.800000000000000000e+03 3.387687918289108424e-01 3.387688038124567758e-01
9.900000000000000000e+03 3.596774813027395767e-01 3.596774916861298355e-01
1.000000000000000000e+04 3.808784784886962704e-01 3.808784915986921371e-01
