# Columns: time (years), eccentricity (tides off), eccentricity (tides on)
0.000000000000000000e+00 4.685999999999999055e-01 4.685999999999999055e-01
1.000000000000000000e+00 4.685999999999999055e-01 4.685999491313057597e-01
2.000000000000000000e+00 4.685999999999997390e-01 4.685998982625991238e-01
3.000000000000000000e+00 4.686000000000000165e-01 4.685998473938925435e-01
4.000000000000000000e+00 4.686000000000000720e-01 4.685997965251781916e-01
5.000000000000000000e+00 4.685999999999997945e-01 4.685997456566901587e-01
6.000000000000000000e+00 4.685999999999999055e-01 4.685996947883440678e-01
7.000000000000000000e+00 4.685999999999999055e-01 4.685996439199993091e-01
8.000000000000000000e+00 4.686000000000001831e-01 4.685995930516650421e-01
9.000000000000000000e+00 4.686000000000000720e-01 4.685995421833272778e-01
1.000000000000000000e+01 4.686000000000002386e-01 4.685994913149928998e-01
1.099999999999999822e+01 4.686000000000002386e-01 4.685994404466307661e-01
1.200000000000000000e+01 4.686000000000001275e-01 4.685993895783087115e-01
1.300000000000000178e+01 4.686000000000004606e-01 4.685993387099561813e-01
1.400000000000000000e+01 4.686000000000001831e-01 4.685992878416165297e-01
1.499999999999999822e+01 4.686000000000004051e-01 4.685992369732498997e-01
1.600000000000000000e+01 4.686000000000004606e-01 4.685991861051077567e-01
1.700000000000000000e+01 4.686000000000005161e-01 4.685991352370924568e-01
1.800000000000000000e+01 4.686000000000004051e-01 4.685990843690997498e-01
1.900000000000000000e+01 4.686000000000006271e-01 4.685990335010929431e-01
2.000000000000000000e+01 4.686000000000005161e-01 4.685989826330720365e-01
2.100000000000000000e+01 4.686000000000005716e-01 4.685989317650985364e-01
2.199999999999999645e+01 4.686000000000003496e-01 4.685988808970815711e-01
2.300000000000000000e+01 4.686000000000002386e-01 4.685988300290592767e-01
2.400000000000000000e+01 4.686000000000004606e-01 4.685987791610477515e-01
2.500000000000000000e+01 4.686000000000004051e-01 4.685987282930716979e-01
2.600000000000000355e+01 4.686000000000005161e-01 4.685986774250922027e-01
2.700000000000000000e+01 4.686000000000004051e-01 4.685986265572499865e-01
2.800000000000000000e+01 4.686000000000004606e-01 4.685985756895903465e-01
2.900000000000000000e+01 4.686000000000004051e-01 4.685985248219302624e-01
2.999999999999999645e+01 4.686000000000003496e-01 4.685984739542780053e-01
3.100000000000000000e+01 4.686000000000003496e-01 4.685984230866477862e-01
3.200000000000000000e+01 4.686000000000004606e-01 4.685983722189998590e-01
3.300000000000000000e+01 4.686000000000005161e-01 4.685983213513452705e-01
3.400000000000000000e+01 4.686000000000005161e-01 4.685982704837015622e-01
3.500000000000000000e+01 4.686000000000005161e-01 4.685982196160537461e-01
3.600000000000000000e+01 4.686000000000005161e-01 4.685981687483682379e-01
3.700000000000000000e+01 4.686000000000006827e-01 4.685981178807195335e-01
3.800000000000000000e+01 4.686000000000006271e-01 4.685980670132310899e-01
3.900000000000000000e+01 4.686000000000007937e-01 4.685980161459237237e-01
4.000000000000000000e+01 4.686000000000008492e-01 4.685979652786439464e-01
4.100000000000000000e+01 4.686000000000009047e-01 4.685979144113322503e-01
4.200000000000000000e+01 4.686000000000005716e-01 4.685978635440134488e-01
4.300000000000000000e+01 4.686000000000007937e-01 4.685978126766897067e-01
4.399999999999999289e+01 4.686000000000008492e-01 4.685977618093971619e-01
4.500000000000000000e+01 4.686000000000009047e-01 4.685977109420917941e-01
4.600000000000000000e+01 4.686000000000011267e-01 4.685976600748076870e-01
4.700000000000000000e+01 4.686000000000010157e-01 4.685976092074962129e-01
4.800000000000000000e+01 4.686000000000011823e-01 4.685975583401822409e-01
4.900000000000000000e+01 4.686000000000009602e-01 4.685975074730032719e-01
5.000000000000000000e+01 4.686000000000012933e-01 4.685974566060379654e-01
5.100000000000000000e+01 4.686000000000014598e-01 4.685974057390732694e-01
5.200000000000000711e+01 4.686000000000010712e-01 4.685973548721373838e-01
5.300000000000000000e+01 4.686000000000010712e-01 4.685973040051543692e-01
5.400000000000000000e+01 4.686000000000014043e-01 4.685972531381902839e-01
5.500000000000000000e+01 4.686000000000012378e-01 4.685972022712265872e-01
5.600000000000000000e+01 4.686000000000014598e-01 4.685971514042807651e-01
5.700000000000000000e+01 4.686000000000012933e-01 4.685971005373107401e-01
5.800000000000000000e+01 4.686000000000011823e-01 4.685970496703593113e-01
5.900000000000000000e+01 4.686000000000011267e-01 4.685969988033697464e-01
5.999999999999999289e+01 4.686000000000010712e-01 4.685969479365552637e-01
6.100000000000000000e+01 4.686000000000015153e-01 4.685968970699553315e-01
6.200000000000000000e+01 4.686000000000011823e-01 4.685968462033515136e-01
6.300000000000000000e+01 4.686000000000011267e-01 4.685967953367377592e-01
6.400000000000000000e+01 4.686000000000011267e-01 4.685967444701280571e-01
6.500000000000000000e+01 4.686000000000010712e-01 4.685966936034886565e-01
6.600000000000000000e+01 4.686000000000011267e-01 4.685966427368960519e-01
6.700000000000000000e+01 4.686000000000012378e-01 4.685965918702796329e-01
6.800000000000000000e+01 4.686000000000010712e-01 4.685965410036713186e-01
6.900000000000000000e+01 4.686000000000009602e-01 4.685964901370631153e-01
7.000000000000000000e+01 4.686000000000009047e-01 4.685964392704565773e-01
7.100000000000000000e+01 4.686000000000010157e-01 4.685963884039596183e-01
7.200000000000000000e+01 4.686000000000008492e-01 4.685963375377040219e-01
7.300000000000000000e+01 4.686000000000008492e-01 4.685962866714357689e-01
7.400000000000000000e+01 4.686000000000009602e-01 4.685962358051912746e-01
7.500000000000000000e+01 4.686000000000009047e-01 4.685961849389490563e-01
7.600000000000000000e+01 4.686000000000012378e-01 4.685961340726839119e-01
7.700000000000000000e+01 4.686000000000012378e-01 4.685960832064225978e-01
7.800000000000000000e+01 4.686000000000011267e-01 4.685960323401688887e-01
7.900000000000000000e+01 4.686000000000009602e-01 4.685959814739116824e-01
8.000000000000000000e+01 4.686000000000012378e-01 4.685959306076533659e-01
8.100000000000000000e+01 4.686000000000012378e-01 4.685958797413985466e-01
8.200000000000000000e+01 4.686000000000013488e-01 4.685958288751983503e-01
8.300000000000001421e+01 4.686000000000014043e-01 4.685957780092885883e-01
8.400000000000000000e+01 4.686000000000012933e-01 4.685957271433804916e-01
8.500000000000000000e+01 4.686000000000015153e-01 4.685956762774637352e-01
8.600000000000000000e+01 4.686000000000014598e-01 4.685956254115345443e-01
8.700000000000000000e+01 4.686000000000011267e-01 4.685955745456227839e-01
8.799999999999998579e+01 4.686000000000011267e-01 4.685955236797220702e-01
8.900000000000000000e+01 4.686000000000010157e-01 4.685954728138113645e-01
9.000000000000000000e+01 4.686000000000011267e-01 4.685954219478991600e-01
9.100000000000000000e+01 4.686000000000008492e-01 4.685953710819599771e-01
9.200000000000000000e+01 4.686000000000009047e-01 4.685953202160442199e-01
9.299999999999998579e+01 4.686000000000009047e-01 4.685952693501916344e-01
9.400000000000000000e+01 4.686000000000005161e-01 4.685952184846171042e-01
9.500000000000000000e+01 4.686000000000007937e-01 4.685951676190515669e-01
9.600000000000000000e+01 4.686000000000006271e-01 4.685951167535129525e-01
9.700000000000000000e+01 4.686000000000009047e-01 4.685950658879635689e-01
9.800000000000000000e+01 4.686000000000007382e-01 4.685950150223905930e-01
9.900000000000001421e+01 4.686000000000007937e-01 4.685949641568156743e-01
1.000000000000000000e+02 4.686000000000008492e-01 4.685949132912285986e-01
