# Columns: time (years), eccentricity (tides off), eccentricity (tides on)
0.000000000000000000e+00 4.685999999999999055e-01 4.685999999999999055e-01
1.000000000000000000e+00 4.684503958508867139e-01 4.684503958445991323e-01
2.000000000000000000e+00 4.688671890358867556e-01 4.688671890269857645e-01
3.000000000000000000e+00 4.691452514406599938e-01 4.691452514362510207e-01
4.000000000000000000e+00 4.689357538892934274e-01 4.689357538899494027e-01
5.000000000000000000e+00 4.691380294420393060e-01 4.691380294345771085e-01
6.000000000000000000e+00 4.695386688264550634e-01 4.695386688204093995e-01
7.000000000000000000e+00 4.696224284554083028e-01 4.696224284599753163e-01
8.000000000000000000e+00 4.696419706276509509e-01 4.696419706314968190e-01
9.000000000000000000e+00 4.698930246346276762e-01 4.698930246288081092e-01
1.000000000000000000e+01 4.702362591255885294e-01 4.702362591273446801e-01
1.099999999999999822e+01 4.703905499577530347e-01 4.703905499623803332e-01
1.200000000000000000e+01 4.702425624689002825e-01 4.702425624673742810e-01
1.300000000000000178e+01 4.707415973236175888e-01 4.707415973195694936e-01
1.400000000000000000e+01 4.709331608092484078e-01 4.709331608114092349e-01
1.499999999999999822e+01 4.707562868650336241e-01 4.707562868702306891e-01
1.600000000000000000e+01 4.709209374586830754e-01 4.709209374558438466e-01
1.700000000000000000e+01 4.713698518486507116e-01 4.713698518479147448e-01
1.800000000000000000e+01 4.713550348899148701e-01 4.713550348985179328e-01
1.900000000000000000e+01 4.714639367661278557e-01 4.714639367734027031e-01
2.000000000000000000e+01 4.716855673913957214e-01 4.716855673904055135e-01
2.100000000000000000e+01 4.720170827663165425e-01 4.720170827757403931e-01
2.199999999999999645e+01 4.721029959298858603e-01 4.721029959402713860e-01
2.300000000000000000e+01 4.720578709116175498e-01 4.720578709151442842e-01
2.400000000000000000e+01 4.725350201556279273e-01 4.725350201564063601e-01
2.500000000000000000e+01 4.727281075917950104e-01 4.727281076002629590e-01
2.600000000000000355e+01 4.725231827523554418e-01 4.725231827608681323e-01
2.700000000000000000e+01 4.727674309255579521e-01 4.727674309286556409e-01
2.800000000000000000e+01 4.731531339706057659e-01 4.731531339749087128e-01
2.900000000000000000e+01 4.730726834048580853e-01 4.730726834193273445e-01
2.999999999999999645e+01 4.731759601463791931e-01 4.731759601562275375e-01
3.100000000000000000e+01 4.734832115646717132e-01 4.734832115693479726e-01
3.200000000000000000e+01 4.737927944290812876e-01 4.737927944436787775e-01
3.300000000000000000e+01 4.738289278349732125e-01 4.738289278516492620e-01
3.400000000000000000e+01 4.738498573911889555e-01 4.738498573986585916e-01
3.500000000000000000e+01 4.742800055417915606e-01 4.742800055495696721e-01
3.600000000000000000e+01 4.744932760943227912e-01 4.744932761078774486e-01
3.700000000000000000e+01 4.742449861717220050e-01 4.742449861845514092e-01
3.800000000000000000e+01 4.746026378759037323e-01 4.746026378818709035e-01
3.900000000000000000e+01 4.749151122137583725e-01 4.749151122241935807e-01
4.000000000000000000e+01 4.748356788173357379e-01 4.748356788368877091e-01
4.100000000000000000e+01 4.748691877096844483e-01 4.748691877239718528e-01
4.200000000000000000e+01 4.752780189963309865e-01 4.752780190061051124e-01
4.300000000000000000e+01 4.754971010003445353e-01 4.754971010195446213e-01
4.399999999999999289e+01 4.755854795865579465e-01 4.755854796079815316e-01
4.500000000000000000e+01 4.755885724753378119e-01 4.755885724869650111e-01
4.600000000000000000e+01 4.760579782006335026e-01 4.760579782166780571e-01
4.700000000000000000e+01 4.761990038958147098e-01 4.761990039153061738e-01
4.800000000000000000e+01 4.760004024523269428e-01 4.760004024703901604e-01
4.900000000000000000e+01 4.763546422397800795e-01 4.763546422494024379e-01
5.000000000000000000e+01 4.766819694792975848e-01 4.766819694960818810e-01
5.100000000000000000e+01 4.765612469477696900e-01 4.765612469709609722e-01
5.200000000000000711e+01 4.766402715229232645e-01 4.766402715425154257e-01
5.300000000000000000e+01 4.770239895154950727e-01 4.770239895297727073e-01
5.400000000000000000e+01 4.771566185295552653e-01 4.771566185557096218e-01
5.500000000000000000e+01 4.772570714311767937e-01 4.772570714563259542e-01
5.600000000000000000e+01 4.773318279359910488e-01 4.773318279530802122e-01
5.700000000000000000e+01 4.778131141841690521e-01 4.778131142056540326e-01
5.800000000000000000e+01 4.778972672825598234e-01 4.778972673089250667e-01
5.900000000000000000e+01 4.777463605258751023e-01 4.777463605479849718e-01
5.999999999999999289e+01 4.780823587363271510e-01 4.780823587524141161e-01
6.100000000000000000e+01 4.784183322042540043e-01 4.784183322261959526e-01
6.200000000000000000e+01 4.782122833890939950e-01 4.782122834166760428e-01
6.300000000000000000e+01 4.783985606019718895e-01 4.783985606237432520e-01
6.400000000000000000e+01 4.787449140745183018e-01 4.787449140946586912e-01
6.500000000000000000e+01 4.788647912622401859e-01 4.788647912944674623e-01
6.600000000000000000e+01 4.788792898600439107e-01 4.788792898907835993e-01
6.700000000000000000e+01 4.790805882705837515e-01 4.790805882927889892e-01
6.800000000000000000e+01 4.794914748778708602e-01 4.794914749046287894e-01
6.900000000000000000e+01 4.796059205079272192e-01 4.796059205400141079e-01
7.000000000000000000e+01 4.794262742715559855e-01 4.794262742974738090e-01
7.100000000000000000e+01 4.798586122726412606e-01 4.798586122961174816e-01
7.200000000000000000e+01 4.801034400907742694e-01 4.801034401186297651e-01
7.300000000000000000e+01 4.798985556629501437e-01 4.798985556961175569e-01
7.400000000000000000e+01 4.800592104554635142e-01 4.800592104801899018e-01
7.500000000000000000e+01 4.804728320466337688e-01 4.804728320730102809e-01
7.600000000000000000e+01 4.805456440801491591e-01 4.805456441166418569e-01
7.700000000000000000e+01 4.805611065501732004e-01 4.805611065865373344e-01
7.800000000000000000e+01 4.807814976351432179e-01 4.807814976615823466e-01
7.900000000000000000e+01 4.811221378440744822e-01 4.811221378788061998e-01
8.000000000000000000e+01 4.812549372925328806e-01 4.812549373294218169e-01
8.100000000000000000e+01 4.811053082158451843e-01 4.811053082470479469e-01
8.200000000000000000e+01 4.815947205886651483e-01 4.815947206166918959e-01
8.300000000000001421e+01 4.817762799644544902e-01 4.817762799993381972e-01
8.400000000000000000e+01 4.815910767375344292e-01 4.815910767751279686e-01
8.500000000000000000e+01 4.817336559312768163e-01 4.817336559615124636e-01
8.600000000000000000e+01 4.821738690064598654e-01 4.821738690380915626e-01
8.700000000000000000e+01 4.821385946181275806e-01 4.821385946592710581e-01
8.799999999999998579e+01 4.822393868407556239e-01 4.822393868801241323e-01
8.900000000000000000e+01 4.824512039523758955e-01 4.824512039841796218e-01
9.000000000000000000e+01 4.827898448526569131e-01 4.827898448947114396e-01
9.100000000000000000e+01 4.828422030089469796e-01 4.828422030522448449e-01
9.200000000000000000e+01 4.827983368102576334e-01 4.827983368466076675e-01
9.299999999999998579e+01 4.832517709773571646e-01 4.832517710106755682e-01
9.400000000000000000e+01 4.834471260399121340e-01 4.834471260810830895e-01
9.500000000000000000e+01 4.832141936373890445e-01 4.832141936783713176e-01
9.600000000000000000e+01 4.834705820233078377e-01 4.834705820592443137e-01
9.700000000000000000e+01 4.838257148501262650e-01 4.838257148871876190e-01
9.800000000000000000e+01 4.837456241064150841e-01 4.837456241539476176e-01
9.900000000000001421e+01 4.838052181733871193e-01 4.838052182159625625e-01
1.000000000000000000e+02 4.841286490653889385e-01 4.841286491030938333e-01
