# Columns: time (years), eccentricity (tides off), eccentricity (tides on)
0.000000000000000000e+00 4.685999999999999055e-01 4.685999999999999055e-01
1.000000000000000000e+00 4.685999999999999055e-01 4.636640991094691522e-01
2.000000000000000000e+00 4.685999999999997390e-01 4.590059429764139498e-01
3.000000000000000000e+00 4.686000000000000165e-01 4.545939006575375751e-01
4.000000000000000000e+00 4.686000000000000720e-01 4.504015594512537080e-01
5.000000000000000000e+00 4.685999999999997945e-01 4.464066264770530368e-01
6.000000000000000000e+00 4.685999999999999055e-01 4.425901063245035738e-01
7.000000000000000000e+00 4.685999999999999055e-01 4.389356752160296082e-01
8.000000000000000000e+00 4.686000000000001831e-01 4.354291977112345613e-01
9.000000000000000000e+00 4.686000000000000720e-01 4.320583485576883209e-01
1.000000000000000000e+01 4.686000000000002386e-01 4.288123132865253595e-01
1.099999999999999822e+01 4.686000000000002386e-01 4.256815485933240772e-01
1.200000000000000000e+01 4.686000000000001275e-01 4.226575886779869728e-01
1.300000000000000178e+01 4.686000000000004606e-01 4.197328873184467679e-01
1.400000000000000000e+01 4.686000000000001831e-01 4.169006880190869735e-01
1.499999999999999822e+01 4.686000000000004051e-01 4.141549164284556994e-01
1.600000000000000000e+01 4.686000000000004606e-01 4.114900905784053542e-01
1.700000000000000000e+01 4.686000000000005161e-01 4.089012455026640458e-01
1.800000000000000000e+01 4.686000000000004051e-01 4.063838695459081052e-01
1.900000000000000000e+01 4.686000000000006271e-01 4.039338502451758073e-01
2.000000000000000000e+01 4.686000000000005161e-01 4.015474281008607482e-01
2.100000000000000000e+01 4.686000000000005716e-01 3.992211568910639108e-01
2.199999999999999645e+01 4.686000000000003496e-01 3.969518694444335027e-01
2.300000000000000000e+01 4.686000000000002386e-01 3.947366479907167269e-01
2.400000000000000000e+01 4.686000000000004606e-01 3.925727983711816971e-01
2.500000000000000000e+01 4.686000000000004051e-01 3.904578275184525382e-01
2.600000000000000355e+01 4.686000000000005161e-01 3.883894237191237719e-01
2.700000000000000000e+01 4.686000000000004051e-01 3.863654392544818572e-01
2.800000000000000000e+01 4.686000000000004606e-01 3.843838750824534745e-01
2.900000000000000000e+01 4.686000000000004051e-01 3.824428672783578009e-01
2.999999999999999645e+01 4.686000000000003496e-01 3.805406749960761892e-01
3.100000000000000000e+01 4.686000000000003496e-01 3.786756697495240465e-01
3.200000000000000000e+01 4.686000000000004606e-01 3.768463258429347595e-01
3.300000000000000000e+01 4.686000000000005161e-01 3.750512118051969601e-01
3.400000000000000000e+01 4.686000000000005161e-01 3.732889827037820796e-01
3.500000000000000000e+01 4.686000000000005161e-01 3.715583732315976273e-01
3.600000000000000000e+01 4.686000000000005161e-01 3.698581914747808286e-01
3.700000000000000000e+01 4.686000000000006827e-01 3.681873132826312123e-01
3.800000000000000000e+01 4.686000000000006271e-01 3.665446771705969664e-01
3.900000000000000000e+01 4.686000000000007937e-01 3.649292796963227725e-01
4.000000000000000000e+01 4.686000000000008492e-01 3.633401712576895259e-01
4.100000000000000000e+01 4.686000000000009047e-01 3.617764522662519910e-01
4.200000000000000000e+01 4.686000000000005716e-01 3.602372696573487576e-01
4.300000000000000000e+01 4.686000000000007937e-01 3.587218137007729957e-01
4.399999999999999289e+01 4.686000000000008492e-01 3.572293150823571128e-01
4.500000000000000000e+01 4.686000000000009047e-01 3.557590422284872544e-01
4.600000000000000000e+01 4.686000000000011267e-01 3.543102988498521011e-01
4.700000000000000000e+01 4.686000000000010157e-01 3.528824216831306648e-01
4.800000000000000000e+01 4.686000000000011823e-01 3.514747784117678853e-01
4.900000000000000000e+01 4.686000000000009602e-01 3.500867657486151363e-01
5.000000000000000000e+01 4.686000000000012933e-01 3.487178076660842896e-01
5.100000000000000000e+01 4.686000000000014598e-01 3.473673537598246375e-01
5.200000000000000711e+01 4.686000000000010712e-01 3.460348777341377136e-01
5.300000000000000000e+01 4.686000000000010712e-01 3.447198759985500294e-01
5.400000000000000000e+01 4.686000000000014043e-01 3.434218663655976833e-01
5.500000000000000000e+01 4.686000000000012378e-01 3.421403868412596361e-01
5.600000000000000000e+01 4.686000000000014598e-01 3.408749945002449988e-01
5.700000000000000000e+01 4.686000000000012933e-01 3.396252644389281539e-01
5.800000000000000000e+01 4.686000000000011823e-01 3.383907887998407471e-01
5.900000000000000000e+01 4.686000000000011267e-01 3.371711758614679977e-01
5.999999999999999289e+01 4.686000000000010712e-01 3.359660491886062306e-01
6.100000000000000000e+01 4.686000000000015153e-01 3.347750468380994437e-01
6.200000000000000000e+01 4.686000000000011823e-01 3.335978206159883608e-01
6.300000000000000000e+01 4.686000000000011267e-01 3.324340353820081639e-01
6.400000000000000000e+01 4.686000000000011267e-01 3.312833683975345278e-01
6.500000000000000000e+01 4.686000000000010712e-01 3.301455087142495248e-01
6.600000000000000000e+01 4.686000000000011267e-01 3.290201566002689537e-01
6.700000000000000000e+01 4.686000000000012378e-01 3.279070230008480080e-01
6.800000000000000000e+01 4.686000000000010712e-01 3.268058290314413417e-01
6.900000000000000000e+01 4.686000000000009602e-01 3.257163055006401242e-01
7.000000000000000000e+01 4.686000000000009047e-01 3.246381924609945124e-01
7.100000000000000000e+01 4.686000000000010157e-01 3.235712387857042072e-01
7.200000000000000000e+01 4.686000000000008492e-01 3.225152017693366235e-01
7.300000000000000000e+01 4.686000000000008492e-01 3.214698467512426827e-01
7.400000000000000000e+01 4.686000000000009602e-01 3.204349467597344403e-01
7.500000000000000000e+01 4.686000000000009047e-01 3.194102821759344235e-01
7.600000000000000000e+01 4.686000000000012378e-01 3.183956404159037357e-01
7.700000000000000000e+01 4.686000000000012378e-01 3.173908156298536620e-01
7.800000000000000000e+01 4.686000000000011267e-01 3.163956084175584826e-01
7.900000000000000000e+01 4.686000000000009602e-01 3.154098255582964416e-01
8.000000000000000000e+01 4.686000000000012378e-01 3.144332797554619252e-01
8.100000000000000000e+01 4.686000000000012378e-01 3.134657893938262441e-01
8.200000000000000000e+01 4.686000000000013488e-01 3.125071783094708899e-01
8.300000000000001421e+01 4.686000000000014043e-01 3.115572755712393005e-01
8.400000000000000000e+01 4.686000000000012933e-01 3.106159152730763595e-01
8.500000000000000000e+01 4.686000000000015153e-01 3.096829363367073484e-01
8.600000000000000000e+01 4.686000000000014598e-01 3.087581823239644030e-01
8.700000000000000000e+01 4.686000000000011267e-01 3.078415012580987264e-01
8.799999999999998579e+01 4.686000000000011267e-01 3.069327454538076094e-01
8.900000000000000000e+01 4.686000000000010157e-01 3.060317713552280772e-01
9.000000000000000000e+01 4.686000000000011267e-01 3.051384393817113128e-01
9.100000000000000000e+01 4.686000000000008492e-01 3.042526137805813269e-01
9.200000000000000000e+01 4.686000000000009047e-01 3.033741624867455910e-01
9.299999999999998579e+01 4.686000000000009047e-01 3.025029569889259307e-01
9.400000000000000000e+01 4.686000000000005161e-01 3.016388722016079549e-01
9.500000000000000000e+01 4.686000000000007937e-01 3.007817863430165550e-01
9.600000000000000000e+01 4.686000000000006271e-01 2.999315808184740417e-01
9.700000000000000000e+01 4.686000000000009047e-01 2.990881401086188385e-01
9.800000000000000000e+01 4.686000000000007382e-01 2.982513516629646255e-01
9.900000000000001421e+01 4.686000000000007937e-01 2.974211057977371730e-01
1.000000000000000000e+02 4.686000000000008492e-01 2.965972955981654446e-01
