# Columns: time(years),e1tF,e1tT,e2tF,e2tT; where e = eccentricity, 1 = 2-body, 2 = 3-body, tF = tides off, tT = tides on
0.000000000000000000e+00 4.685999999999999055e-01 4.685999999999999055e-01 4.685999999999999055e-01 4.685999999999999055e-01
5.000000000000000000e+01 4.685999999999995724e-01 4.355746209666563895e-01 4.766819694792971962e-01 4.421617349711342571e-01
1.000000000000000000e+02 4.686000000000001831e-01 4.117123942293213767e-01 4.841286490653877728e-01 4.227392732144660270e-01
1.500000000000000000e+02 4.686000000000009047e-01 3.928444535278036720e-01 4.911358350525583116e-01 4.073498809604511051e-01
2.000000000000000000e+02 4.686000000000017929e-01 3.771531891763295063e-01 4.978443773849246523e-01 3.946674093492628654e-01
2.499999999999999716e+02 4.686000000000030696e-01 3.636738717833351564e-01 5.042496377759861925e-01 3.839001792769067278e-01
3.000000000000000000e+02 4.686000000000046239e-01 3.518298800618020472e-01 5.099171322721965938e-01 3.742345374362583410e-01
3.499999999999999432e+02 4.686000000000060117e-01 3.412477272917351367e-01 5.145839441151894844e-01 3.651997433926815195e-01
4.000000000000000000e+02 4.686000000000066779e-01 3.316709862377828499e-01 5.191047048076825599e-01 3.572356866488298199e-01
4.500000000000000000e+02 4.686000000000075660e-01 3.229156267095295019e-01 5.231327969646909493e-01 3.499870195003305651e-01
4.999999999999999432e+02 4.686000000000081767e-01 3.148448908449625327e-01 5.261440554863158203e-01 3.429357098228406620e-01
5.500000000000000000e+02 4.686000000000083987e-01 3.073542463915877598e-01 5.283496950095337708e-01 3.361688255769438860e-01
6.000000000000000000e+02 4.686000000000085652e-01 3.003619132384099388e-01 5.300004562638213068e-01 3.298344150935534347e-01
6.500000000000000000e+02 4.686000000000088428e-01 2.938026494816104450e-01 5.311781659696415137e-01 3.239351594781136323e-01
6.999999999999998863e+02 4.686000000000091759e-01 2.876235337308544193e-01 5.317044467057470136e-01 3.182827167694848858e-01
7.500000000000000000e+02 4.686000000000086207e-01 2.817810181357459087e-01 5.311147157136103525e-01 3.125796878545589741e-01
8.000000000000000000e+02 4.686000000000112853e-01 2.762388173472661856e-01 5.296984361809736752e-01 3.069346967529543724e-01
8.499999999999998863e+02 4.686000000000117294e-01 2.709663632082064955e-01 5.281717052855986472e-01 3.018125947992822411e-01
9.000000000000000000e+02 4.686000000000121735e-01 2.659376518919964183e-01 5.257768624469298935e-01 2.967243063517668866e-01
9.500000000000000000e+02 4.686000000000130061e-01 2.611303692580588254e-01 5.224287920286045939e-01 2.915556315111764163e-01
9.999999999999998863e+02 4.686000000000135057e-01 2.565252172902863226e-01 5.184600545345091627e-01 2.865088771170699045e-01
1.050000000000000000e+03 4.686000000000145049e-01 2.521053883831695930e-01 5.140437026301400980e-01 2.816684410062215704e-01
1.100000000000000000e+03 4.686000000000153376e-01 2.478561500322138955e-01 5.091928108888389426e-01 2.770025503664748090e-01
1.150000000000000000e+03 4.686000000000158372e-01 2.437645131261649278e-01 5.036677152200538243e-01 2.723582470702005098e-01
1.200000000000000000e+03 4.686000000000155596e-01 2.398189643557675221e-01 4.971913960189569548e-01 2.675737654879530858e-01
1.250000000000000000e+03 4.686000000000164478e-01 2.360092483625385873e-01 4.904373355173030080e-01 2.629113948370328524e-01
1.300000000000000000e+03 4.686000000000185017e-01 2.323261888930444885e-01 4.835943347883320254e-01 2.585582312706897201e-01
1.350000000000000227e+03 4.686000000000192234e-01 2.287615408315488430e-01 4.759874806845402206e-01 2.540677019686815585e-01
1.399999999999999773e+03 4.686000000000207222e-01 2.253078669080192664e-01 4.678401901764836501e-01 2.495261161945005468e-01
1.450000000000000000e+03 4.686000000000205001e-01 2.219584342775835772e-01 4.594612083345414599e-01 2.451027779517332694e-01
1.500000000000000000e+03 4.686000000000209442e-01 2.187071272410431588e-01 4.509522964302171699e-01 2.408395213087186626e-01
1.550000000000000000e+03 4.686000000000222210e-01 2.155483731556863958e-01 4.422182966743053445e-01 2.366650001433094619e-01
1.600000000000000000e+03 4.686000000000222765e-01 2.124770792095999339e-01 4.329871146308978958e-01 2.323946548181579086e-01
1.650000000000000227e+03 4.686000000000237753e-01 2.094885781939950786e-01 4.232887556296371923e-01 2.279998189375905537e-01
1.699999999999999773e+03 4.686000000000249965e-01 2.065785817730461660e-01 4.139291959579676772e-01 2.239057025556725200e-01
1.750000000000000000e+03 4.686000000000252741e-01 2.037431400352312794e-01 4.044668086428478415e-01 2.199306211162080360e-01
1.800000000000000000e+03 4.686000000000252741e-01 2.009786063355817609e-01 3.945852179437129292e-01 2.157703023147916621e-01
1.850000000000000000e+03 4.686000000000267174e-01 1.982816066177500725e-01 3.846440353291108449e-01 2.116375406683355109e-01
1.900000000000000000e+03 4.686000000000258292e-01 1.956490125423679394e-01 3.748278510119248397e-01 2.076652174895332048e-01
1.950000000000000227e+03 4.686000000000267174e-01 1.930779178696528653e-01 3.651055409784412231e-01 2.037962684294983839e-01
1.999999999999999773e+03 4.686000000000286603e-01 1.905656176293102910e-01 3.553674599208854201e-01 1.999256031465049266e-01
2.050000000000000000e+03 4.686000000000293819e-01 1.881095896924052102e-01 3.454099420222272454e-01 1.959388862859673952e-01
2.100000000000000000e+03 4.686000000000297705e-01 1.857074784189117755e-01 3.354875307412023000e-01 1.919545161653321841e-01
2.150000000000000000e+03 4.686000000000301036e-01 1.833570801048883536e-01 3.260607649166494815e-01 1.882533396625501176e-01
2.200000000000000000e+03 4.686000000000311583e-01 1.810563299949235483e-01 3.166143068350271150e-01 1.844912942020556224e-01
2.250000000000000000e+03 4.686000000000321020e-01 1.788032906642790798e-01 3.071504814510879755e-01 1.806543081735643985e-01
2.300000000000000000e+03 4.686000000000322685e-01 1.765961415959530767e-01 2.979081229333309655e-01 1.769267818200594700e-01
2.350000000000000000e+03 4.686000000000327681e-01 1.744331698100032857e-01 2.889515187556548348e-01 1.733018421731381820e-01
2.400000000000000000e+03 4.686000000000328791e-01 1.723127614221219295e-01 2.802698766683161535e-01 1.697266551050587435e-01
2.450000000000000000e+03 4.686000000000339893e-01 1.702333940151797009e-01 2.717461282455221894e-01 1.661313375797584257e-01
2.500000000000000000e+03 4.686000000000339338e-01 1.681936297394264201e-01 2.632654816426093225e-01 1.624762410190859485e-01
2.550000000000000000e+03 4.686000000000341559e-01 1.661921090544301316e-01 2.551061666028743846e-01 1.588866454046233279e-01
2.600000000000000000e+03 4.686000000000344334e-01 1.642275450422590322e-01 2.475388877842386037e-01 1.555058944498210471e-01
2.650000000000000000e+03 4.686000000000345445e-01 1.622987182319025889e-01 2.400867449388905395e-01 1.520024732052442651e-01
2.700000000000000455e+03 4.686000000000357102e-01 1.604044718791922119e-01 2.328758055657244863e-01 1.485144547016266359e-01
2.749999999999999545e+03 4.686000000000368204e-01 1.585437076561808656e-01 2.260788412622401211e-01 1.451201221581444878e-01
2.799999999999999545e+03 4.686000000000377086e-01 1.567153817051269438e-01 2.197572731728382189e-01 1.418216079414197917e-01
2.850000000000000000e+03 4.686000000000380972e-01 1.549185010241140303e-01 2.138763910880506214e-01 1.385571376480440320e-01
2.900000000000000000e+03 4.686000000000380417e-01 1.531521201481363670e-01 2.083482922071013821e-01 1.352426937961403175e-01
2.950000000000000000e+03 4.686000000000386523e-01 1.514153380999867238e-01 2.031373563078935074e-01 1.318796902694264750e-01
3.000000000000000000e+03 4.686000000000395405e-01 1.497072955812870365e-01 1.985680820838343352e-01 1.287268388349377957e-01
3.050000000000000000e+03 4.686000000000405397e-01 1.480271723846824650e-01 1.946577427513903058e-01 1.256673283201926172e-01
3.100000000000000000e+03 4.686000000000413168e-01 1.463741850048435877e-01 1.911473828112258411e-01 1.224885444949536523e-01
3.150000000000000000e+03 4.686000000000419830e-01 1.447475844302383852e-01 1.881455482221222053e-01 1.193767780904348708e-01
3.200000000000000000e+03 4.686000000000425381e-01 1.431466540995266490e-01 1.857580653127987313e-01 1.163823466045731114e-01
3.250000000000000000e+03 4.686000000000432597e-01 1.415707080083171143e-01 1.840174673009873085e-01 1.134384895965351997e-01
3.300000000000000455e+03 4.686000000000445920e-01 1.400190889532739180e-01 1.829696685109890031e-01 1.105091912170539925e-01
3.350000000000000455e+03 4.686000000000448140e-01 1.384911669000298551e-01 1.825260171073160020e-01 1.075364764774779380e-01
3.399999999999999545e+03 4.686000000000459798e-01 1.369863374679300694e-01 1.825845801542424485e-01 1.045993389251898692e-01
3.450000000000000000e+03 4.686000000000482557e-01 1.355040205180259860e-01 1.833434203530107665e-01 1.018358628065734739e-01
3.500000000000000000e+03 4.686000000000496990e-01 1.340436588376159310e-01 1.849066032481746502e-01 9.905888100486008596e-02
3.550000000000000000e+03 4.686000000000514198e-01 1.326047169150529337e-01 1.869956520162158464e-01 9.627323568320274305e-02
3.600000000000000000e+03 4.686000000000526411e-01 1.311866797938091023e-01 1.896026290818490223e-01 9.359562270734096689e-02
3.650000000000000000e+03 4.686000000000529186e-01 1.297890520030081374e-01 1.927934221623711641e-01 9.097942798304363421e-02
3.700000000000000000e+03 4.686000000000539178e-01 1.284113565567619741e-01 1.966178708391531083e-01 8.840080379141228295e-02
3.750000000000000000e+03 4.686000000000548615e-01 1.270531340171906776e-01 2.010808115002903074e-01 8.584401098461102997e-02
3.800000000000000000e+03 4.686000000000556387e-01 1.257139416166921098e-01 2.060871971057371133e-01 8.328674987550850617e-02
3.850000000000000000e+03 4.686000000000558607e-01 1.243933524354615544e-01 2.114371752579221331e-01 8.077214161432591522e-02
3.900000000000000455e+03 4.686000000000558607e-01 1.230909546276502259e-01 2.173453472942498133e-01 7.842244669140831237e-02
3.950000000000000455e+03 4.686000000000557497e-01 1.218063506963954212e-01 2.238198563694293597e-01 7.603018887695467409e-02
3.999999999999999545e+03 4.686000000000568044e-01 1.205391568116128270e-01 2.306508149831076881e-01 7.368278403590124148e-02
4.050000000000000000e+03 4.686000000000578591e-01 1.192890021677239926e-01 2.377578036517236926e-01 7.139751002949615288e-02
4.100000000000000000e+03 4.686000000000587473e-01 1.180555283799049199e-01 2.452170500695637356e-01 6.919858370108886159e-02
4.150000000000000000e+03 4.686000000000585253e-01 1.168383889139299192e-01 2.530866065291499378e-01 6.704969304961312659e-02
4.200000000000000000e+03 4.686000000000594690e-01 1.156372485496712926e-01 2.614338291994450225e-01 6.491514456497027297e-02
4.250000000000000000e+03 4.686000000000598020e-01 1.144517828742834531e-01 2.701226731868360820e-01 6.277992654283451324e-02
4.300000000000000000e+03 4.686000000000609123e-01 1.132816778047423950e-01 2.788241500685107455e-01 6.079041477376291580e-02
4.350000000000000000e+03 4.686000000000623555e-01 1.121266291344382438e-01 2.878840116103914548e-01 5.893183013956190819e-02
4.400000000000000000e+03 4.686000000000635768e-01 1.109863421075921036e-01 2.973962811951424978e-01 5.703844792004997971e-02
4.450000000000000000e+03 4.686000000000629107e-01 1.098605310132469703e-01 3.069883526617820935e-01 5.521659502168788092e-02
4.500000000000000000e+03 4.686000000000635213e-01 1.087489188042144728e-01 3.166094773276478813e-01 5.348597084907517896e-02
4.550000000000000000e+03 4.686000000000647425e-01 1.076512367338329085e-01 3.263851143522807918e-01 5.183077643093340903e-02
4.600000000000000000e+03 4.686000000000655752e-01 1.065672240128322373e-01 3.364484338037811995e-01 5.024861029290951520e-02
4.650000000000000000e+03 4.686000000000661858e-01 1.054966274830988066e-01 3.467940441034466637e-01 4.870324641903736596e-02
4.700000000000000000e+03 4.686000000000663523e-01 1.044392013090170573e-01 3.571430592243993174e-01 4.722282860140754324e-02
4.750000000000000000e+03 4.686000000000675181e-01 1.033947066839856349e-01 3.672421150962640324e-01 4.586319508064912870e-02
4.800000000000000000e+03 4.686000000000688503e-01 1.023629115518836369e-01 3.776621084256243099e-01 4.460568370721151171e-02
4.850000000000000000e+03 4.686000000000696830e-01 1.013435903416393946e-01 3.881960967327643952e-01 4.339107088636863507e-02
4.900000000000000000e+03 4.686000000000703491e-01 1.003365237156786799e-01 3.984748197122590097e-01 4.228310658491844093e-02
4.950000000000000000e+03 4.686000000000709043e-01 9.934149832995392559e-02 4.085492815339904493e-01 4.125285186310027885e-02
5.000000000000000000e+03 4.686000000000720700e-01 9.835830660675295989e-02 4.185713295682467194e-01 4.032459046478791692e-02
